Temoridae                   r=1.045   0.000  1.642  1.239  1.811  0.453  1.229  1.512  0.757  0.861  0.748  2.116  0.955  1.307  1.341  1.268  0.859  0.759  0.650  0.388  1.190  1.292  1.399  0.893  0.678  1.361  0.614  1.321
Phaeodaria                  r=1.076   1.642  0.000  2.196  1.382  1.674  2.149  2.293  2.176  2.102  2.141  1.310  2.076  2.198  2.229  1.776  2.124  1.631  1.762  1.720  2.192  2.204  1.184  1.975  2.015  2.224  2.101  2.207
Haloptilus                  r=0.560   1.239  2.196  0.000  2.484  0.937  0.120  0.420  1.577  0.718  0.836  2.697  0.703  0.489  0.526  1.910  0.776  1.873  1.730  1.565  0.374  0.390  2.222  0.405  0.666  0.310  1.533  0.353
Limacinidae                 r=1.127   1.811  1.382  2.484  0.000  1.994  2.439  2.592  2.030  2.388  2.278  0.509  2.439  2.414  2.446  1.117  2.243  1.388  1.533  1.768  2.497  2.436  0.533  2.268  2.198  2.516  2.077  2.464
zoea__Decapoda              r=1.135   0.453  1.674  0.937  1.994  0.000  0.946  1.229  1.005  0.506  0.619  2.246  0.578  1.102  1.138  1.481  0.771  1.143  1.038  0.731  0.851  1.058  1.615  0.553  0.510  1.064  0.834  1.080
gonophore__Diphyidae        r=0.578   1.229  2.149  0.120  2.439  0.946  0.000  0.403  1.587  0.783  0.866  2.650  0.768  0.406  0.451  1.875  0.771  1.851  1.714  1.563  0.460  0.317  2.184  0.436  0.680  0.335  1.554  0.268
nectophore__Diphyidae       r=0.340   1.512  2.293  0.420  2.592  1.229  0.403  0.000  1.869  1.032  1.200  2.778  0.997  0.654  0.702  2.076  1.110  2.091  1.970  1.837  0.554  0.575  2.365  0.710  1.012  0.235  1.834  0.535
nauplii__Crustacea          r=0.973   0.757  2.176  1.577  2.030  1.005  1.587  1.869  0.000  1.189  0.842  2.420  1.381  1.575  1.595  1.191  0.964  0.874  0.627  0.623  1.544  1.566  1.631  1.286  0.955  1.714  0.394  1.628
multiple__Copepoda          r=0.934   0.861  2.102  0.718  2.388  0.506  0.783  1.032  1.189  0.000  0.563  2.634  0.274  1.037  1.071  1.802  0.789  1.532  1.388  1.097  0.535  0.957  2.036  0.402  0.496  0.842  1.008  0.968
Penilia                     r=0.861   0.748  2.141  0.836  2.278  0.619  0.866  1.200  0.842  0.563  0.000  2.581  0.748  0.922  0.932  1.526  0.340  1.358  1.153  0.969  0.854  0.882  1.930  0.607  0.262  1.041  0.819  0.928
Foraminifera                r=1.016   2.116  1.310  2.697  0.509  2.246  2.650  2.778  2.420  2.634  2.581  0.000  2.655  2.645  2.678  1.556  2.547  1.776  1.928  2.101  2.710  2.665  0.879  2.503  2.483  2.717  2.429  2.682
Euchaetidae                 r=0.789   0.955  2.076  0.703  2.439  0.578  0.768  0.997  1.381  0.274  0.748  2.655  0.000  1.071  1.105  1.936  0.926  1.647  1.526  1.223  0.505  0.992  2.105  0.441  0.630  0.813  1.187  0.979
tail__Appendicularia        r=0.390   1.307  2.198  0.489  2.414  1.102  0.406  0.654  1.575  1.037  0.922  2.645  1.071  0.000  0.080  1.781  0.696  1.865  1.717  1.625  0.826  0.116  2.178  0.693  0.778  0.666  1.622  0.168
Oikopleuridae               r=0.328   1.341  2.229  0.526  2.446  1.138  0.451  0.702  1.595  1.071  0.932  2.678  1.105  0.080  0.000  1.803  0.694  1.900  1.748  1.658  0.870  0.162  2.213  0.736  0.801  0.714  1.650  0.202
egg__other                  r=1.365   1.268  1.776  1.910  1.117  1.481  1.875  2.076  1.191  1.802  1.526  1.556  1.936  1.781  1.803  0.000  1.466  0.943  0.913  1.223  1.951  1.803  0.924  1.692  1.507  1.984  1.376  1.864
Noctiluca                   r=0.771   0.859  2.124  0.776  2.243  0.771  0.771  1.110  0.964  0.789  0.340  2.547  0.926  0.696  0.694  1.466  0.000  1.424  1.221  1.119  0.916  0.687  1.928  0.650  0.347  0.990  1.039  0.748
Evadne                      r=1.055   0.759  1.631  1.873  1.388  1.143  1.851  2.091  0.874  1.532  1.358  1.776  1.647  1.865  1.900  0.943  1.424  0.000  0.273  0.561  1.827  1.870  0.952  1.552  1.332  1.958  0.857  1.913
nauplii__Cirripedia         r=1.067   0.650  1.762  1.730  1.533  1.038  1.714  1.970  0.627  1.388  1.153  1.928  1.526  1.717  1.748  0.913  1.221  0.273  0.000  0.464  1.694  1.720  1.111  1.417  1.153  1.831  0.664  1.768
Oncaeidae                   r=1.080   0.388  1.720  1.565  1.768  0.731  1.563  1.837  0.623  1.097  0.969  2.101  1.223  1.625  1.658  1.223  1.119  0.561  0.464  0.000  1.486  1.610  1.314  1.204  0.975  1.680  0.438  1.651
Eucalanidae                 r=0.782   1.190  2.192  0.374  2.497  0.851  0.460  0.554  1.544  0.535  0.854  2.710  0.505  0.826  0.870  1.951  0.916  1.827  1.694  1.486  0.000  0.725  2.211  0.364  0.698  0.356  1.438  0.711
tail__Chaetognatha          r=0.491   1.292  2.204  0.390  2.436  1.058  0.317  0.575  1.566  0.957  0.882  2.665  0.992  0.116  0.162  1.803  0.687  1.870  1.720  1.610  0.725  0.000  2.192  0.615  0.736  0.574  1.596  0.118
Ostracoda                   r=1.379   1.399  1.184  2.222  0.533  1.615  2.184  2.365  1.631  2.036  1.930  0.879  2.105  2.178  2.213  0.924  1.928  0.952  1.111  1.314  2.211  2.192  0.000  1.956  1.859  2.269  1.648  2.225
multiple__other             r=1.003   0.893  1.975  0.405  2.268  0.553  0.436  0.710  1.286  0.402  0.607  2.503  0.441  0.693  0.736  1.692  0.650  1.552  1.417  1.204  0.364  0.615  1.956  0.000  0.413  0.536  1.196  0.623
eudoxie__Diphyidae          r=0.936   0.678  2.015  0.666  2.198  0.510  0.680  1.012  0.955  0.496  0.262  2.483  0.630  0.778  0.801  1.507  0.347  1.332  1.153  0.975  0.698  0.736  1.859  0.413  0.000  0.856  0.911  0.769
Salpida                     r=0.606   1.361  2.224  0.310  2.516  1.064  0.335  0.235  1.714  0.842  1.041  2.717  0.813  0.666  0.714  1.984  0.990  1.958  1.831  1.680  0.356  0.574  2.269  0.536  0.856  0.000  1.664  0.542
Harpacticoida               r=0.970   0.614  2.101  1.533  2.077  0.834  1.554  1.834  0.394  1.008  0.819  2.429  1.187  1.622  1.650  1.376  1.039  0.857  0.664  0.438  1.438  1.596  1.648  1.196  0.911  1.664  0.000  1.644
Fritillariidae              r=0.368   1.321  2.207  0.353  2.464  1.080  0.268  0.535  1.628  0.968  0.928  2.682  0.979  0.168  0.202  1.864  0.748  1.913  1.768  1.651  0.711  0.118  2.225  0.623  0.769  0.542  1.644  0.000
