zoea__Decapoda              r=1.495   0.000  3.578  3.162  2.593  3.137  3.592  5.200  3.458  3.564  3.986  3.948  3.658  3.418  3.244  2.531  3.351  3.595  3.891  3.723  3.394  4.236  3.370  3.769  3.621  3.599  3.876  3.631
Oncaeidae                   r=0.932   3.578  0.000  4.079  3.031  3.625  3.201  4.697  4.084  3.749  4.187  4.063  3.952  2.828  3.859  3.057  3.872  0.500  3.674  4.540  3.219  4.279  3.896  3.230  4.010  2.464  3.924  3.746
Salpida                     r=1.535   3.162  4.079  0.000  2.556  3.712  3.654  4.067  2.163  3.448  2.676  1.915  3.983  3.924  2.852  1.769  3.314  3.883  3.570  3.417  2.036  3.900  3.301  4.089  3.848  3.403  1.987  3.974
multiple__Copepoda          r=1.809   2.593  3.031  2.556  0.000  3.751  3.413  4.300  2.911  2.246  2.925  3.223  2.918  2.768  3.316  1.100  3.627  2.855  2.935  3.737  2.460  3.906  3.666  3.566  3.905  2.630  3.105  3.885
Ostracoda                   r=1.534   3.137  3.625  3.712  3.751  0.000  2.694  4.333  4.412  3.955  4.120  3.995  3.648  3.130  4.191  3.502  3.561  3.740  4.432  3.637  3.772  3.286  3.566  3.014  2.674  3.238  3.966  2.067
Evadne                      r=1.600   3.592  3.201  3.654  3.413  2.694  0.000  3.257  3.891  4.182  3.823  3.725  4.179  3.327  3.865  3.092  3.812  3.116  3.327  2.659  3.075  2.676  3.828  1.383  2.056  2.424  3.482  2.099
Noctiluca                   r=0.862   5.200  4.697  4.067  4.300  4.333  3.257  0.000  4.260  4.803  4.201  3.833  4.916  4.653  4.565  3.932  4.773  4.530  4.034  3.295  3.744  2.550  4.760  3.927  3.452  4.032  3.638  3.596
Fritillariidae              r=1.223   3.458  4.084  2.163  2.911  4.412  3.891  4.260  0.000  3.969  3.482  2.791  4.737  4.454  1.348  2.061  2.614  3.855  3.552  3.854  2.169  4.026  2.565  4.223  4.198  3.395  2.748  4.346
Eucalanidae                 r=1.468   3.564  3.749  3.448  2.246  3.955  4.182  4.803  3.969  0.000  2.451  3.802  2.183  2.686  4.314  2.715  4.117  3.674  3.562  4.431  3.684  4.734  4.136  4.152  4.717  3.427  3.737  4.607
Haloptilus                  r=1.248   3.986  4.187  2.676  2.925  4.120  3.823  4.201  3.482  2.451  0.000  3.049  3.673  3.652  4.042  2.721  4.085  4.000  2.660  3.808  3.309  4.487  4.056  4.091  4.395  3.639  2.911  4.506
nectophore__Diphyidae       r=0.842   3.948  4.063  1.915  3.223  3.995  3.725  3.833  2.791  3.802  3.049  0.000  4.261  4.047  3.169  2.446  3.168  3.849  3.593  4.094  1.625  4.188  3.188  4.271  4.348  3.510  0.497  4.347
Euchaetidae                 r=1.192   3.658  3.952  3.983  2.918  3.648  4.179  4.916  4.737  2.183  3.673  4.261  0.000  1.802  5.004  3.450  4.802  4.013  4.307  4.644  4.140  4.704  4.830  4.069  4.696  3.633  4.228  4.463
Temoridae                   r=1.392   3.418  2.828  3.924  2.768  3.130  3.327  4.653  4.454  2.686  3.652  4.047  1.802  0.000  4.582  3.161  4.373  2.927  3.650  4.493  3.594  4.358  4.397  3.188  4.246  2.611  3.946  3.884
Oikopleuridae               r=1.007   3.244  3.859  2.852  3.316  4.191  3.865  4.565  1.348  4.314  4.042  3.169  5.004  4.582  0.000  2.488  1.870  3.679  3.834  4.121  2.453  4.028  1.814  4.151  4.104  3.404  3.136  4.161
multiple__other             r=2.033   2.531  3.057  1.769  1.100  3.502  3.092  3.932  2.061  2.715  2.721  2.446  3.450  3.161  2.488  0.000  2.922  2.834  2.813  3.386  1.612  3.537  2.949  3.419  3.537  2.467  2.336  3.561
tail__Chaetognatha          r=0.975   3.351  3.872  3.314  3.627  3.561  3.812  4.773  2.614  4.117  4.085  3.168  4.802  4.373  1.870  2.922  0.000  3.760  4.022  4.480  2.799  4.118  0.210  4.112  4.175  3.492  3.173  3.989
Harpacticoida               r=1.044   3.595  0.500  3.883  2.855  3.740  3.116  4.530  3.855  3.674  4.000  3.849  4.013  2.927  3.679  2.834  3.760  0.000  3.414  4.427  2.949  4.215  3.787  3.206  3.985  2.329  3.689  3.779
Penilia                     r=0.917   3.891  3.674  3.570  2.935  4.432  3.327  4.034  3.552  3.562  2.660  3.593  4.307  3.650  3.834  2.813  4.022  3.414  0.000  4.026  3.132  4.358  4.010  3.780  4.394  3.379  3.245  4.499
Phaeodaria                  r=1.408   3.723  4.540  3.417  3.737  3.637  2.659  3.295  3.854  4.431  3.808  4.094  4.644  4.493  4.121  3.386  4.480  4.427  4.026  0.000  3.781  2.781  4.464  3.211  2.094  3.945  3.917  2.912
eudoxie__Diphyidae          r=1.424   3.394  3.219  2.036  2.460  3.772  3.075  3.744  2.169  3.684  3.309  1.625  4.140  3.594  2.453  1.612  2.799  2.949  3.132  3.781  0.000  3.652  2.836  3.559  3.794  2.501  1.483  3.775
egg__other                  r=1.628   4.236  4.279  3.900  3.906  3.286  2.676  2.550  4.026  4.734  4.487  4.188  4.704  4.358  4.028  3.537  4.118  4.215  4.358  2.781  3.652  0.000  4.112  3.163  1.896  3.375  4.052  1.925
tail__Appendicularia        r=1.003   3.370  3.896  3.301  3.666  3.566  3.828  4.760  2.565  4.136  4.056  3.188  4.830  4.397  1.814  2.949  0.210  3.787  4.010  4.464  2.836  4.112  0.000  4.140  4.175  3.531  3.194  3.991
nauplii__Cirripedia         r=1.468   3.769  3.230  4.089  3.566  3.014  1.383  3.927  4.223  4.152  4.091  4.271  4.069  3.188  4.151  3.419  4.112  3.206  3.780  3.211  3.559  3.163  4.140  0.000  2.614  2.086  4.076  2.565
Foraminifera                r=1.404   3.621  4.010  3.848  3.905  2.674  2.056  3.452  4.198  4.717  4.395  4.348  4.696  4.246  4.104  3.537  4.175  3.985  4.394  2.094  3.794  1.896  4.175  2.614  0.000  3.400  4.191  1.095
nauplii__Crustacea          r=1.675   3.599  2.464  3.403  2.630  3.238  2.424  4.032  3.395  3.427  3.639  3.510  3.633  2.611  3.404  2.467  3.492  2.329  3.379  3.945  2.501  3.375  3.531  2.086  3.400  0.000  3.376  3.103
gonophore__Diphyidae        r=1.073   3.876  3.924  1.987  3.105  3.966  3.482  3.638  2.748  3.737  2.911  0.497  4.228  3.946  3.136  2.336  3.173  3.689  3.245  3.917  1.483  4.052  3.194  4.076  4.191  3.376  0.000  4.232
Limacinidae                 r=1.347   3.631  3.746  3.974  3.885  2.067  2.099  3.596  4.346  4.607  4.506  4.347  4.463  3.884  4.161  3.561  3.989  3.779  4.499  2.912  3.775  1.925  3.991  2.565  1.095  3.103  4.232  0.000
