Temoridae                   r=1.242   0.000  1.872  2.770  2.464  1.018  2.248  3.367  1.538  1.313  1.493  2.597  1.952  3.242  2.875  2.513  2.456  1.868  2.074  0.723  2.439  2.864  1.569  1.650  1.002  2.853  0.850  2.741
Phaeodaria                  r=1.086   1.872  0.000  3.404  1.616  2.675  2.624  3.762  1.213  2.709  1.562  1.655  3.300  3.551  3.366  1.921  1.950  0.905  1.083  1.502  3.520  3.375  0.963  2.782  1.842  3.549  1.545  3.235
Haloptilus                  r=1.507   2.770  3.404  0.000  3.409  2.674  1.331  0.999  3.052  2.094  2.667  3.475  2.547  1.220  0.679  3.104  3.124  3.442  3.457  3.146  1.776  0.586  3.124  1.376  2.117  0.630  3.013  0.702
Limacinidae                 r=1.230   2.464  1.616  3.409  0.000  2.986  2.645  3.648  1.868  2.956  2.056  0.337  3.443  3.418  3.314  1.059  1.822  1.597  1.506  2.364  3.534  3.318  1.066  2.950  2.345  3.519  2.410  3.204
zoea__Decapoda              r=0.969   1.018  2.675  2.674  2.986  0.000  2.554  3.358  2.456  0.774  2.313  3.085  1.128  3.342  2.918  3.074  3.156  2.752  2.923  1.715  1.848  2.862  2.269  1.353  1.648  2.628  1.827  2.811
gonophore__Diphyidae        r=1.656   2.248  2.624  1.331  2.645  2.554  0.000  1.500  2.084  2.196  1.652  2.760  2.859  1.204  1.012  2.169  2.026  2.534  2.509  2.427  2.495  1.122  2.342  1.678  1.385  1.777  2.272  0.868
nectophore__Diphyidae       r=1.271   3.367  3.762  0.999  3.648  3.358  1.500  0.000  3.384  2.840  3.013  3.710  3.275  0.578  0.773  3.263  3.244  3.767  3.729  3.652  2.537  0.617  3.498  2.164  2.627  1.300  3.503  0.807
nauplii__Crustacea          r=1.058   1.538  1.213  3.052  1.868  2.456  2.084  3.384  0.000  2.461  0.629  2.057  3.143  3.128  2.949  1.670  1.278  0.690  0.783  1.128  3.342  2.986  1.173  2.492  1.236  3.282  1.014  2.806
multiple__Copepoda          r=1.595   1.313  2.709  2.094  2.956  0.774  2.196  2.840  2.461  0.000  2.249  3.045  0.803  2.896  2.441  2.961  3.050  2.792  2.932  1.951  1.187  2.364  2.326  0.742  1.517  1.994  1.966  2.344
Penilia                     r=1.183   1.493  1.562  2.667  2.056  2.313  1.652  3.013  0.629  2.249  0.000  2.230  2.960  2.758  2.543  1.721  1.221  1.232  1.247  1.291  3.096  2.602  1.443  2.194  0.873  2.950  1.113  2.402
Foraminifera                r=1.319   2.597  1.655  3.475  0.337  3.085  2.760  3.710  2.057  3.045  2.230  0.000  3.510  3.492  3.389  1.277  2.029  1.780  1.696  2.506  3.591  3.389  1.213  3.033  2.484  3.573  2.555  3.284
Euchaetidae                 r=0.969   1.952  3.300  2.547  3.443  1.128  2.859  3.275  3.143  0.803  2.960  3.510  0.000  3.408  2.973  3.514  3.671  3.415  3.547  2.598  1.130  2.862  2.903  1.333  2.284  2.329  2.650  2.897
tail__Appendicularia        r=1.142   3.242  3.551  1.220  3.418  3.342  1.204  0.578  3.128  2.896  2.758  3.492  3.408  0.000  0.695  2.979  2.933  3.519  3.468  3.468  2.767  0.700  3.283  2.247  2.459  1.623  3.317  0.686
Oikopleuridae               r=1.198   2.875  3.366  0.679  3.314  2.918  1.012  0.773  2.949  2.441  2.543  3.389  2.973  0.695  0.000  2.933  2.913  3.360  3.346  3.166  2.309  0.306  3.084  1.745  2.109  1.173  3.016  0.182
egg__other                  r=1.331   2.513  1.921  3.104  1.059  3.074  2.169  3.263  1.670  2.961  1.721  1.277  3.514  2.979  2.933  0.000  1.080  1.609  1.418  2.411  3.503  2.974  1.432  2.856  2.149  3.318  2.388  2.822
Noctiluca                   r=0.964   2.456  1.950  3.124  1.822  3.156  2.026  3.244  1.278  3.050  1.221  2.029  3.671  2.933  2.913  1.080  0.000  1.454  1.217  2.245  3.708  2.970  1.755  2.938  1.930  3.434  2.146  2.784
Evadne                      r=0.793   1.868  0.905  3.442  1.597  2.752  2.534  3.767  0.690  2.792  1.232  1.780  3.415  3.519  3.360  1.609  1.454  0.000  0.356  1.433  3.637  3.385  1.021  2.863  1.761  3.628  1.432  3.224
nauplii__Cirripedia         r=0.822   2.074  1.083  3.457  1.506  2.923  2.509  3.729  0.783  2.932  1.247  1.696  3.547  3.468  3.346  1.418  1.217  0.356  0.000  1.686  3.736  3.376  1.153  2.967  1.876  3.665  1.661  3.212
Oncaeidae                   r=0.958   0.723  1.502  3.146  2.364  1.715  2.427  3.652  1.128  1.951  1.291  2.506  2.598  3.468  3.166  2.411  2.245  1.433  1.686  0.000  3.018  3.176  1.390  2.199  1.161  3.277  0.335  3.025
Eucalanidae                 r=1.354   2.439  3.520  1.776  3.534  1.848  2.495  2.537  3.342  1.187  3.096  3.591  1.130  2.767  2.309  3.503  3.708  3.637  3.736  3.018  0.000  2.173  3.123  1.030  2.386  1.405  2.996  2.274
tail__Chaetognatha          r=1.441   2.864  3.375  0.586  3.318  2.862  1.122  0.617  2.986  2.364  2.602  3.389  2.862  0.700  0.306  2.974  2.970  3.385  3.376  3.176  2.173  0.000  3.084  1.664  2.140  1.007  3.034  0.312
Ostracoda                   r=1.477   1.569  0.963  3.124  1.066  2.269  2.342  3.498  1.173  2.326  1.443  1.213  2.903  3.283  3.084  1.432  1.755  1.021  1.153  1.390  3.123  3.084  0.000  2.414  1.609  3.233  1.480  2.953
multiple__other             r=1.837   1.650  2.782  1.376  2.950  1.353  1.678  2.164  2.492  0.742  2.194  3.033  1.333  2.247  1.745  2.856  2.938  2.863  2.967  2.199  1.030  1.664  2.414  0.000  1.427  1.313  2.147  1.662
eudoxie__Diphyidae          r=1.467   1.002  1.842  2.117  2.345  1.648  1.385  2.627  1.236  1.517  0.873  2.484  2.284  2.459  2.109  2.149  1.930  1.761  1.876  1.161  2.386  2.140  1.609  1.427  0.000  2.339  1.000  1.969
Salpida                     r=1.597   2.853  3.549  0.630  3.519  2.628  1.777  1.300  3.282  1.994  2.950  3.573  2.329  1.623  1.173  3.318  3.434  3.628  3.665  3.277  1.405  1.007  3.233  1.313  2.339  0.000  3.169  1.195
Harpacticoida               r=0.830   0.850  1.545  3.013  2.410  1.827  2.272  3.503  1.014  1.966  1.113  2.555  2.650  3.317  3.016  2.388  2.146  1.432  1.661  0.335  2.996  3.034  1.480  2.147  1.000  3.169  0.000  2.875
Fritillariidae              r=1.404   2.741  3.235  0.702  3.204  2.811  0.868  0.807  2.806  2.344  2.402  3.284  2.897  0.686  0.182  2.822  2.784  3.224  3.212  3.025  2.274  0.312  2.953  1.662  1.969  1.195  2.875  0.000
