zoea__Decapoda              r=1.291   0.000  3.494  3.692  2.867  3.550  3.983  5.284  4.212  3.770  4.405  4.536  3.564  3.438  3.519  2.757  3.384  3.512  3.939  3.835  3.509  4.439  3.481  4.138  4.011  3.859  4.542  4.034
Oncaeidae                   r=0.966   3.494  0.000  4.134  2.931  3.675  3.715  4.678  4.492  3.500  4.193  4.339  3.575  2.688  4.003  2.932  3.969  0.641  3.908  4.516  3.327  4.167  3.972  3.610  3.998  3.029  4.312  3.620
Salpida                     r=1.453   3.692  4.134  0.000  2.692  3.990  4.381  4.422  3.120  3.506  2.869  2.492  3.749  4.038  3.258  1.811  3.416  4.066  3.797  3.470  2.123  4.088  3.436  4.606  4.116  4.007  2.567  4.184
multiple__Copepoda          r=1.663   2.867  2.931  2.692  0.000  3.748  3.817  4.264  3.535  2.254  3.197  3.579  2.713  2.815  3.493  1.149  3.460  2.840  3.026  3.672  2.484  3.774  3.489  3.853  3.916  3.193  3.570  3.776
Ostracoda                   r=1.435   3.550  3.675  3.990  3.748  0.000  2.766  4.122  4.676  4.257  4.334  4.298  3.873  3.381  4.183  3.348  3.536  3.734  4.035  3.157  3.592  3.007  3.483  3.260  2.761  3.335  4.211  2.307
Evadne                      r=1.477   3.983  3.715  4.381  3.817  2.766  0.000  3.385  4.463  4.609  4.570  4.326  4.140  3.545  4.232  3.551  4.177  3.668  3.107  2.977  3.507  2.952  4.118  1.843  2.864  2.848  4.066  2.802
Noctiluca                   r=1.007   5.284  4.678  4.422  4.264  4.122  3.385  0.000  4.139  4.914  4.694  4.276  4.790  4.734  4.341  3.963  4.826  4.577  3.766  3.684  3.926  3.057  4.692  4.117  3.895  4.388  3.970  3.895
Fritillariidae              r=1.023   4.212  4.492  3.120  3.535  4.676  4.463  4.139  0.000  4.306  4.042  4.072  4.703  4.692  1.539  2.848  3.088  4.342  4.100  4.268  2.981  4.098  2.955  4.713  4.499  4.325  4.001  4.542
Eucalanidae                 r=1.234   3.770  3.500  3.506  2.254  4.257  4.609  4.914  4.306  0.000  2.318  3.992  2.445  3.096  4.293  2.593  3.863  3.447  3.684  4.503  3.616  4.743  3.873  4.485  4.776  3.757  4.068  4.634
Haloptilus                  r=1.063   4.405  4.193  2.869  3.197  4.334  4.570  4.694  4.042  2.318  0.000  3.683  3.351  3.707  4.310  2.921  4.053  4.141  3.445  4.017  3.663  4.734  4.020  4.597  4.703  4.032  3.728  4.711
nectophore__Diphyidae       r=0.944   4.536  4.339  2.492  3.579  4.298  4.326  4.276  4.072  3.992  3.683  0.000  4.008  4.247  4.029  2.862  3.563  4.245  3.957  4.237  2.086  4.480  3.610  4.599  4.717  4.123  0.588  4.672
Euchaetidae                 r=1.204   3.564  3.575  3.749  2.713  3.873  4.140  4.790  4.703  2.445  3.351  4.008  0.000  1.874  4.715  2.980  4.354  3.690  3.883  4.300  3.657  4.601  4.370  3.995  4.589  3.633  4.031  4.363
Temoridae                   r=1.149   3.438  2.688  4.038  2.815  3.381  3.545  4.734  4.692  3.096  3.707  4.247  1.874  0.000  4.541  2.992  4.113  2.833  3.453  4.362  3.470  4.292  4.107  3.332  4.360  2.862  4.231  3.948
Oikopleuridae               r=1.060   3.519  4.003  3.258  3.493  4.183  4.232  4.341  1.539  4.293  4.310  4.029  4.715  4.541  0.000  2.724  2.290  3.858  4.202  4.180  2.774  3.970  2.208  4.505  4.152  4.046  3.994  4.152
multiple__other             r=2.067   2.757  2.932  1.811  1.149  3.348  3.551  3.963  2.848  2.593  2.921  2.862  2.980  2.992  2.724  0.000  2.740  2.829  3.034  3.274  1.614  3.395  2.762  3.690  3.533  3.012  2.862  3.431
tail__Chaetognatha          r=1.045   3.384  3.969  3.416  3.460  3.536  4.177  4.826  3.088  3.863  4.053  3.563  4.354  4.113  2.290  2.740  0.000  3.838  4.100  4.283  2.725  4.150  0.337  4.425  4.278  3.863  3.676  4.143
Harpacticoida               r=1.002   3.512  0.641  4.066  2.840  3.734  3.668  4.577  4.342  3.447  4.141  4.245  3.690  2.833  3.858  2.829  3.838  0.000  3.695  4.570  3.180  4.137  3.831  3.610  4.107  2.927  4.215  3.740
Penilia                     r=1.325   3.939  3.908  3.797  3.026  4.035  3.107  3.766  4.100  3.684  3.445  3.957  3.883  3.453  4.202  3.034  4.100  3.695  0.000  3.727  3.372  4.162  4.047  3.679  4.428  3.463  3.780  4.420
Phaeodaria                  r=1.268   3.835  4.516  3.470  3.672  3.157  2.977  3.684  4.268  4.503  4.017  4.237  4.300  4.362  4.180  3.274  4.283  4.570  3.727  0.000  3.704  3.161  4.258  3.665  2.148  4.133  4.045  2.847
eudoxie__Diphyidae          r=1.794   3.509  3.327  2.123  2.484  3.592  3.507  3.926  2.981  3.616  3.663  2.086  3.657  3.470  2.774  1.614  2.725  3.180  3.372  3.704  0.000  3.405  2.753  3.637  3.807  2.911  2.042  3.647
egg__other                  r=1.576   4.439  4.167  4.088  3.774  3.007  2.952  3.057  4.098  4.743  4.734  4.480  4.601  4.292  3.970  3.395  4.150  4.137  4.162  3.161  3.405  0.000  4.064  3.176  2.430  3.480  4.280  2.040
tail__Appendicularia        r=1.011   3.481  3.972  3.436  3.489  3.483  4.118  4.692  2.955  3.873  4.020  3.610  4.370  4.107  2.208  2.762  0.337  3.831  4.047  4.258  2.753  4.064  0.000  4.405  4.260  3.865  3.702  4.106
nauplii__Cirripedia         r=1.345   4.138  3.610  4.606  3.853  3.260  1.843  4.117  4.713  4.485  4.597  4.599  3.995  3.332  4.505  3.690  4.425  3.610  3.679  3.665  3.637  3.176  4.405  0.000  3.231  1.865  4.451  2.969
Foraminifera                r=1.165   4.011  3.998  4.116  3.916  2.761  2.864  3.895  4.499  4.776  4.703  4.717  4.589  4.360  4.152  3.533  4.278  4.107  4.428  2.148  3.807  2.430  4.260  3.231  0.000  3.728  4.561  1.278
nauplii__Crustacea          r=1.517   3.859  3.029  4.007  3.193  3.335  2.848  4.388  4.325  3.757  4.032  4.123  3.633  2.862  4.046  3.012  3.863  2.927  3.463  4.133  2.911  3.480  3.865  1.865  3.728  0.000  4.088  3.300
gonophore__Diphyidae        r=1.119   4.542  4.312  2.567  3.570  4.211  4.066  3.970  4.001  4.068  3.728  0.588  4.031  4.231  3.994  2.862  3.676  4.215  3.780  4.045  2.042  4.280  3.702  4.451  4.561  4.088  0.000  4.536
Limacinidae                 r=1.348   4.034  3.620  4.184  3.776  2.307  2.802  3.895  4.542  4.634  4.711  4.672  4.363  3.948  4.152  3.431  4.143  3.740  4.420  2.847  3.647  2.040  4.106  2.969  1.278  3.300  4.536  0.000
