Temoridae                   r=1.075   0.000  1.259  1.404  3.072  0.341  1.431  1.475  0.656  0.478  1.270  2.965  0.431  1.405  1.528  2.592  1.445  1.796  1.198  0.497  0.875  1.423  2.763  0.666  0.999  1.117  0.263  1.532
Phaeodaria                  r=1.514   1.259  0.000  2.454  2.039  1.244  2.485  2.522  1.160  1.518  2.328  1.934  1.449  2.420  2.572  1.896  2.493  0.800  0.854  0.928  1.991  2.465  1.600  1.715  2.052  2.161  1.042  2.573
Haloptilus                  r=0.277   1.404  2.454  0.000  3.983  1.418  0.125  0.106  1.448  1.027  0.158  3.898  1.341  0.221  0.230  3.299  0.115  2.862  2.120  1.854  0.604  0.148  3.799  0.779  0.434  0.433  1.544  0.208
Limacinidae                 r=1.170   3.072  2.039  3.983  0.000  3.039  4.000  4.031  2.735  3.256  3.872  0.421  3.270  3.904  4.062  1.176  4.001  1.532  2.081  2.839  3.655  3.970  0.711  3.388  3.627  3.738  2.906  4.064
zoea__Decapoda              r=1.377   0.341  1.244  1.418  3.039  0.000  1.439  1.483  0.813  0.464  1.303  2.904  0.387  1.406  1.528  2.611  1.456  1.847  1.296  0.514  0.905  1.428  2.707  0.661  1.036  1.140  0.404  1.533
gonophore__Diphyidae        r=0.241   1.431  2.485  0.125  4.000  1.439  0.000  0.068  1.483  1.064  0.213  3.913  1.375  0.145  0.122  3.320  0.038  2.890  2.149  1.882  0.648  0.051  3.821  0.812  0.459  0.490  1.576  0.114
nectophore__Diphyidae       r=0.162   1.475  2.522  0.106  4.031  1.483  0.068  0.000  1.518  1.103  0.235  3.945  1.416  0.180  0.131  3.345  0.049  2.925  2.183  1.924  0.685  0.092  3.855  0.851  0.500  0.513  1.617  0.105
nauplii__Crustacea          r=1.491   0.656  1.160  1.448  2.735  0.813  1.483  1.518  0.000  0.730  1.308  2.694  0.910  1.421  1.574  2.135  1.485  1.451  0.713  0.897  1.055  1.466  2.510  0.827  1.047  1.172  0.596  1.574
multiple__Copepoda          r=1.291   0.478  1.518  1.027  3.256  0.464  1.064  1.103  0.730  0.000  0.909  3.152  0.397  1.037  1.162  2.705  1.077  2.036  1.378  0.863  0.501  1.055  2.970  0.267  0.651  0.716  0.587  1.162
Penilia                     r=0.429   1.270  2.328  0.158  3.872  1.303  0.213  0.235  1.308  0.909  0.000  3.791  1.230  0.260  0.331  3.191  0.212  2.731  1.985  1.729  0.494  0.224  3.685  0.660  0.292  0.355  1.413  0.320
Foraminifera                r=1.312   2.965  1.934  3.898  0.421  2.904  3.913  3.945  2.694  3.152  3.791  0.000  3.151  3.820  3.974  1.368  3.917  1.577  2.088  2.709  3.560  3.883  0.668  3.287  3.544  3.655  2.801  3.977
Euchaetidae                 r=1.106   0.431  1.449  1.341  3.270  0.387  1.375  1.416  0.910  0.397  1.230  3.151  0.000  1.365  1.471  2.781  1.393  2.034  1.458  0.675  0.762  1.372  2.936  0.627  0.987  1.010  0.562  1.473
tail__Appendicularia        r=0.361   1.405  2.420  0.221  3.904  1.406  0.145  0.180  1.421  1.037  0.260  3.820  1.365  0.000  0.167  3.228  0.145  2.808  2.071  1.848  0.666  0.101  3.732  0.783  0.440  0.500  1.538  0.170
Oikopleuridae               r=0.082   1.528  2.572  0.230  4.062  1.528  0.122  0.131  1.574  1.162  0.331  3.974  1.471  0.167  0.000  3.379  0.125  2.970  2.230  1.975  0.755  0.119  3.891  0.910  0.564  0.588  1.672  0.036
egg__other                  r=1.915   2.592  1.896  3.299  1.176  2.611  3.320  3.345  2.135  2.705  3.191  1.368  2.781  3.228  3.379  0.000  3.317  1.362  1.551  2.498  3.027  3.293  1.444  2.802  2.975  3.067  2.461  3.380
Noctiluca                   r=0.240   1.445  2.493  0.115  4.001  1.456  0.038  0.049  1.485  1.077  0.212  3.917  1.393  0.145  0.125  3.317  0.000  2.892  2.149  1.896  0.664  0.057  3.826  0.825  0.469  0.497  1.587  0.109
Evadne                      r=1.437   1.796  0.800  2.862  1.532  1.847  2.890  2.925  1.451  2.036  2.731  1.577  2.034  2.808  2.970  1.362  2.892  0.000  0.789  1.573  2.462  2.866  1.234  2.199  2.465  2.583  1.607  2.971
nauplii__Cirripedia         r=1.653   1.198  0.854  2.120  2.081  1.296  2.149  2.183  0.713  1.378  1.985  2.088  1.458  2.071  2.230  1.551  2.149  0.789  0.000  1.172  1.747  2.127  1.888  1.505  1.729  1.850  1.057  2.232
Oncaeidae                   r=1.118   0.497  0.928  1.854  2.839  0.514  1.882  1.924  0.897  0.863  1.729  2.709  0.675  1.848  1.975  2.498  1.896  1.573  1.172  0.000  1.322  1.871  2.454  1.090  1.459  1.557  0.378  1.979
Eucalanidae                 r=0.756   0.875  1.991  0.604  3.655  0.905  0.648  0.685  1.055  0.501  0.494  3.560  0.762  0.666  0.755  3.027  0.664  2.462  1.747  1.322  0.000  0.655  3.415  0.324  0.322  0.307  1.038  0.754
tail__Chaetognatha          r=0.250   1.423  2.465  0.148  3.970  1.428  0.051  0.092  1.466  1.055  0.224  3.883  1.372  0.101  0.119  3.293  0.057  2.866  2.127  1.871  0.655  0.000  3.793  0.801  0.453  0.494  1.564  0.113
Ostracoda                   r=1.405   2.763  1.600  3.799  0.711  2.707  3.821  3.855  2.510  2.970  3.685  0.668  2.936  3.732  3.891  1.444  3.826  1.234  1.888  2.454  3.415  3.793  0.000  3.134  3.424  3.531  2.573  3.893
multiple__other             r=1.161   0.666  1.715  0.779  3.388  0.661  0.812  0.851  0.827  0.267  0.660  3.287  0.627  0.783  0.910  2.802  0.825  2.199  1.505  1.090  0.324  0.801  3.134  0.000  0.400  0.512  0.790  0.910
eudoxie__Diphyidae          r=0.767   0.999  2.052  0.434  3.627  1.036  0.459  0.500  1.047  0.651  0.292  3.544  0.987  0.440  0.564  2.975  0.469  2.465  1.729  1.459  0.322  0.453  3.424  0.400  0.000  0.324  1.140  0.564
Salpida                     r=0.823   1.117  2.161  0.433  3.738  1.140  0.490  0.513  1.172  0.716  0.355  3.655  1.010  0.500  0.588  3.067  0.497  2.583  1.850  1.557  0.307  0.494  3.531  0.512  0.324  0.000  1.257  0.581
Harpacticoida               r=1.268   0.263  1.042  1.544  2.906  0.404  1.576  1.617  0.596  0.587  1.413  2.801  0.562  1.538  1.672  2.461  1.587  1.607  1.057  0.378  1.038  1.564  2.573  0.790  1.140  1.257  0.000  1.674
Fritillariidae              r=0.088   1.532  2.573  0.208  4.064  1.533  0.114  0.105  1.574  1.162  0.320  3.977  1.473  0.170  0.036  3.380  0.109  2.971  2.232  1.979  0.754  0.113  3.893  0.910  0.564  0.581  1.674  0.000
