zoea__Decapoda              r=1.760   0.000  2.627  2.668  2.198  2.595  3.062  3.924  2.961  2.796  3.029  3.401  2.714  2.462  2.466  2.095  2.558  2.674  2.933  2.686  2.440  3.167  2.566  3.229  2.868  2.716  3.165  2.965
Oncaeidae                   r=1.496   2.627  0.000  3.162  2.252  2.317  2.304  3.092  3.050  2.865  3.236  3.157  2.646  1.535  2.963  2.341  2.991  0.432  2.605  3.287  2.015  2.728  3.007  2.556  2.735  1.922  2.869  2.421
Salpida                     r=1.596   2.668  3.162  0.000  2.019  3.382  3.682  3.323  1.640  1.674  1.464  1.675  1.768  2.608  1.933  1.218  2.023  3.143  2.491  3.154  1.680  3.510  2.190  3.924  3.631  3.289  1.484  3.739
multiple__Copepoda          r=1.718   2.198  2.252  2.019  0.000  3.090  3.204  3.232  2.314  1.556  2.088  2.526  1.619  1.885  2.272  0.959  2.289  2.162  2.223  3.169  1.408  3.019  2.425  3.291  3.317  2.417  2.221  3.221
Ostracoda                   r=1.629   2.595  2.317  3.382  3.090  0.000  1.950  3.421  3.485  3.446  3.541  3.674  3.239  2.177  3.300  2.909  3.045  2.515  3.158  2.694  2.845  2.428  3.003  2.070  2.186  2.023  3.388  1.810
Evadne                      r=1.336   3.062  2.304  3.682  3.204  1.950  0.000  2.750  3.461  3.597  3.703  3.697  3.316  2.258  3.560  3.094  3.607  2.427  2.520  2.563  2.914  2.577  3.623  1.364  2.347  2.419  3.412  2.275
Noctiluca                   r=1.083   3.924  3.092  3.323  3.232  3.421  2.750  0.000  2.746  3.481  3.289  3.483  3.404  3.142  3.341  2.962  3.721  3.110  2.536  2.888  2.918  2.665  3.832  3.414  3.102  3.586  3.155  3.250
Fritillariidae              r=1.498   2.961  3.050  1.640  2.314  3.485  3.461  2.746  0.000  2.249  2.293  2.226  2.418  2.798  1.144  1.593  1.891  2.974  2.452  3.158  1.628  3.107  2.054  3.760  3.432  3.270  1.938  3.568
Eucalanidae                 r=1.302   2.796  2.865  1.674  1.556  3.446  3.597  3.481  2.249  0.000  1.172  1.864  0.841  2.094  2.412  1.320  2.077  2.744  2.177  3.581  1.747  3.762  2.172  3.759  4.022  2.952  1.682  3.966
Haloptilus                  r=1.323   3.029  3.236  1.464  2.088  3.541  3.703  3.289  2.293  1.172  0.000  2.073  1.482  2.514  2.619  1.629  2.487  3.173  2.174  3.292  2.206  3.828  2.582  4.003  3.978  3.393  1.873  4.044
nectophore__Diphyidae       r=0.736   3.401  3.157  1.675  2.526  3.674  3.697  3.483  2.226  1.864  2.073  0.000  1.755  2.583  2.655  1.900  2.367  3.115  2.542  3.811  1.725  3.994  2.501  3.989  4.162  3.457  0.495  4.158
Euchaetidae                 r=1.267   2.714  2.646  1.768  1.619  3.239  3.316  3.404  2.418  0.841  1.482  1.755  0.000  1.649  2.631  1.437  2.357  2.550  2.006  3.490  1.674  3.734  2.451  3.521  3.933  2.797  1.566  3.858
Temoridae                   r=1.710   2.462  1.535  2.608  1.885  2.177  2.258  3.142  2.798  2.094  2.514  2.583  1.649  0.000  2.826  1.932  2.620  1.527  2.030  3.165  1.769  3.061  2.632  2.443  3.185  1.810  2.292  2.923
Oikopleuridae               r=1.436   2.466  2.963  1.933  2.272  3.300  3.560  3.341  1.144  2.412  2.619  2.655  2.631  2.826  0.000  1.644  1.339  2.870  2.839  3.288  1.675  2.993  1.480  3.690  3.294  2.949  2.386  3.362
multiple__other             r=1.944   2.095  2.341  1.218  0.959  2.909  3.094  2.962  1.593  1.320  1.629  1.900  1.437  1.932  1.644  0.000  1.720  2.286  2.016  2.846  0.927  2.912  1.895  3.305  3.113  2.542  1.564  3.135
tail__Chaetognatha          r=1.395   2.558  2.991  2.023  2.289  3.045  3.607  3.721  1.891  2.077  2.487  2.367  2.357  2.620  1.339  1.720  0.000  2.908  2.915  3.528  1.729  3.255  0.355  3.653  3.552  2.768  2.172  3.473
Harpacticoida               r=1.564   2.674  0.432  3.143  2.162  2.515  2.427  3.110  2.974  2.744  3.173  3.115  2.550  1.527  2.870  2.286  2.908  0.000  2.501  3.407  1.951  2.841  2.921  2.634  2.928  1.887  2.831  2.626
Penilia                     r=1.432   2.933  2.605  2.491  2.223  3.158  2.520  2.536  2.452  2.177  2.174  2.542  2.006  2.030  2.839  2.016  2.915  2.501  0.000  2.910  2.147  3.425  2.983  3.159  3.525  3.024  2.249  3.599
Phaeodaria                  r=1.498   2.686  3.287  3.154  3.169  2.694  2.563  2.888  3.158  3.581  3.292  3.811  3.490  3.165  3.288  2.846  3.528  3.407  2.910  0.000  3.168  2.810  3.603  3.144  2.029  3.522  3.516  2.696
eudoxie__Diphyidae          r=1.737   2.440  2.015  1.680  1.408  2.845  2.914  2.918  1.628  1.747  2.206  1.725  1.674  1.769  1.675  0.927  1.729  1.951  2.147  3.168  0.000  2.821  1.901  3.075  3.113  2.276  1.373  3.016
egg__other                  r=1.516   3.167  2.728  3.510  3.019  2.428  2.577  2.665  3.107  3.762  3.828  3.994  3.734  3.061  2.993  2.912  3.255  2.841  3.425  2.810  2.821  0.000  3.355  2.495  1.641  2.501  3.660  1.372
tail__Appendicularia        r=1.492   2.566  3.007  2.190  2.425  3.003  3.623  3.832  2.054  2.172  2.582  2.501  2.451  2.632  1.480  1.895  0.355  2.921  2.983  3.603  1.901  3.355  0.000  3.663  3.624  2.760  2.324  3.514
nauplii__Cirripedia         r=1.371   3.229  2.556  3.924  3.291  2.070  1.364  3.414  3.760  3.759  4.003  3.989  3.521  2.443  3.690  3.305  3.653  2.634  3.159  3.144  3.075  2.495  3.663  0.000  2.526  1.816  3.729  2.157
Foraminifera                r=1.291   2.868  2.735  3.631  3.317  2.186  2.347  3.102  3.432  4.022  3.978  4.162  3.933  3.185  3.294  3.113  3.552  2.928  3.525  2.029  3.113  1.641  3.624  2.526  0.000  2.806  3.859  1.055
nauplii__Crustacea          r=1.740   2.716  1.922  3.289  2.417  2.023  2.419  3.586  3.270  2.952  3.393  3.457  2.797  1.810  2.949  2.542  2.768  1.887  3.024  3.522  2.276  2.501  2.760  1.816  2.806  0.000  3.191  2.226
gonophore__Diphyidae        r=1.069   3.165  2.869  1.484  2.221  3.388  3.412  3.155  1.938  1.682  1.873  0.495  1.566  2.292  2.386  1.564  2.172  2.831  2.249  3.516  1.373  3.660  2.324  3.729  3.859  3.191  0.000  3.856
Limacinidae                 r=1.268   2.965  2.421  3.739  3.221  1.810  2.275  3.250  3.568  3.966  4.044  4.158  3.858  2.923  3.362  3.135  3.473  2.626  3.599  2.696  3.016  1.372  3.514  2.157  1.055  2.226  3.856  0.000
