Temoridae                   r=1.031   0.000  1.219  2.357  2.817  0.873  2.253  2.417  1.388  1.572  2.081  3.113  1.052  2.356  2.416  2.104  2.174  1.089  1.377  0.526  2.109  2.335  1.932  1.706  1.646  2.195  0.342  2.383
Phaeodaria                  r=1.362   1.219  0.000  2.778  1.818  1.522  2.693  2.824  1.813  2.111  2.554  2.127  1.826  2.746  2.833  1.726  2.612  0.637  1.080  1.200  2.567  2.738  0.881  2.198  2.208  2.620  1.360  2.807
Haloptilus                  r=0.327   2.357  2.778  0.000  3.621  1.750  0.158  0.149  1.261  0.957  0.422  3.863  1.501  0.213  0.140  2.182  0.486  2.411  1.973  2.799  0.530  0.078  3.129  0.763  0.753  0.541  2.079  0.126
Limacinidae                 r=1.222   2.817  1.818  3.621  0.000  2.787  3.575  3.638  2.998  3.151  3.519  0.414  3.071  3.587  3.662  1.946  3.561  2.162  2.169  2.783  3.442  3.574  0.971  3.190  3.302  3.460  2.916  3.650
zoea__Decapoda              r=1.449   0.873  1.522  1.750  2.787  0.000  1.670  1.800  1.141  0.837  1.577  3.086  0.457  1.790  1.815  1.826  1.705  1.351  1.343  1.211  1.398  1.726  2.027  1.010  1.142  1.545  0.752  1.790
gonophore__Diphyidae        r=0.435   2.253  2.693  0.158  3.575  1.670  0.000  0.211  1.145  0.903  0.318  3.822  1.421  0.175  0.172  2.122  0.389  2.316  1.885  2.698  0.563  0.141  3.062  0.713  0.646  0.589  1.974  0.133
nectophore__Diphyidae       r=0.245   2.417  2.824  0.149  3.638  1.800  0.211  0.000  1.310  1.010  0.515  3.882  1.568  0.209  0.104  2.169  0.557  2.453  2.012  2.851  0.587  0.126  3.157  0.818  0.832  0.601  2.143  0.132
nauplii__Crustacea          r=1.175   1.388  1.813  1.261  2.998  1.141  1.145  1.310  0.000  0.946  0.932  3.282  1.003  1.203  1.297  1.601  0.977  1.333  0.973  1.848  1.227  1.234  2.320  0.926  0.674  1.270  1.135  1.264
multiple__Copepoda          r=1.218   1.572  2.111  0.957  3.151  0.837  0.903  1.010  0.946  0.000  0.877  3.425  0.641  1.040  1.033  1.873  1.031  1.811  1.530  1.982  0.573  0.942  2.527  0.216  0.546  0.783  1.328  1.012
Penilia                     r=0.572   2.081  2.554  0.422  3.519  1.577  0.318  0.515  0.932  0.877  0.000  3.766  1.298  0.397  0.464  2.090  0.191  2.158  1.730  2.546  0.679  0.427  2.969  0.706  0.466  0.680  1.792  0.420
Foraminifera                r=1.023   3.113  2.127  3.863  0.414  3.086  3.822  3.882  3.282  3.425  3.766  0.000  3.348  3.831  3.905  2.246  3.806  2.486  2.467  3.082  3.691  3.818  1.316  3.458  3.566  3.698  3.208  3.893
Euchaetidae                 r=1.172   1.052  1.826  1.501  3.071  0.457  1.421  1.568  1.003  0.641  1.298  3.348  0.000  1.559  1.576  1.990  1.440  1.582  1.462  1.484  1.161  1.493  2.349  0.805  0.854  1.292  0.836  1.545
tail__Appendicularia        r=0.306   2.356  2.746  0.213  3.587  1.790  0.175  0.209  1.203  1.040  0.397  3.831  1.559  0.000  0.163  2.120  0.390  2.362  1.911  2.798  0.691  0.177  3.096  0.844  0.773  0.670  2.081  0.148
Oikopleuridae               r=0.179   2.416  2.833  0.140  3.662  1.815  0.172  0.104  1.297  1.033  0.464  3.905  1.576  0.163  0.000  2.197  0.495  2.457  2.015  2.855  0.631  0.127  3.176  0.843  0.815  0.648  2.139  0.046
egg__other                  r=2.007   2.104  1.726  2.182  1.946  1.826  2.122  2.169  1.601  1.873  2.090  2.246  1.990  2.120  2.197  0.000  2.115  1.504  1.180  2.310  2.087  2.129  1.596  1.858  1.944  2.105  2.046  2.189
Noctiluca                   r=0.459   2.174  2.612  0.486  3.561  1.705  0.389  0.557  0.977  1.031  0.191  3.806  1.440  0.390  0.495  2.115  0.000  2.207  1.764  2.635  0.826  0.483  3.024  0.858  0.613  0.791  1.886  0.456
Evadne                      r=1.253   1.089  0.637  2.411  2.162  1.351  2.316  2.453  1.333  1.811  2.158  2.486  1.582  2.362  2.457  1.504  2.207  0.000  0.625  1.258  2.246  2.371  1.291  1.881  1.828  2.303  1.134  2.431
nauplii__Cirripedia         r=1.466   1.377  1.080  1.973  2.169  1.343  1.885  2.012  0.973  1.530  1.730  2.467  1.462  1.911  2.015  1.180  1.764  0.625  0.000  1.688  1.864  1.932  1.484  1.551  1.480  1.897  1.300  1.990
Oncaeidae                   r=0.967   0.526  1.200  2.799  2.783  1.211  2.698  2.851  1.848  1.982  2.546  3.082  1.484  2.798  2.855  2.310  2.635  1.258  1.688  0.000  2.531  2.772  1.873  2.125  2.115  2.621  0.808  2.825
Eucalanidae                 r=0.705   2.109  2.567  0.530  3.442  1.398  0.563  0.587  1.227  0.573  0.679  3.691  1.161  0.691  0.631  2.087  0.826  2.246  1.864  2.531  0.000  0.537  2.918  0.422  0.680  0.372  1.850  0.622
tail__Chaetognatha          r=0.392   2.335  2.738  0.078  3.574  1.726  0.141  0.126  1.234  0.942  0.427  3.818  1.493  0.177  0.127  2.129  0.483  2.371  1.932  2.772  0.537  0.000  3.083  0.745  0.745  0.555  2.060  0.119
Ostracoda                   r=1.642   1.932  0.881  3.129  0.971  2.027  3.062  3.157  2.320  2.527  2.969  1.316  2.349  3.096  3.176  1.596  3.024  1.291  1.484  1.873  2.918  3.083  0.000  2.595  2.677  2.959  2.058  3.158
multiple__other             r=1.185   1.706  2.198  0.763  3.190  1.010  0.713  0.818  0.926  0.216  0.706  3.458  0.805  0.844  0.843  1.858  0.858  1.881  1.551  2.125  0.422  0.745  2.595  0.000  0.454  0.604  1.452  0.821
eudoxie__Diphyidae          r=0.964   1.646  2.208  0.753  3.302  1.142  0.646  0.832  0.674  0.546  0.466  3.566  0.854  0.773  0.815  1.944  0.613  1.828  1.480  2.115  0.680  0.745  2.677  0.454  0.000  0.766  1.358  0.776
Salpida                     r=0.925   2.195  2.620  0.541  3.460  1.545  0.589  0.601  1.270  0.783  0.680  3.698  1.292  0.670  0.648  2.105  0.791  2.303  1.897  2.621  0.372  0.555  2.959  0.604  0.766  0.000  1.934  0.636
Harpacticoida               r=1.268   0.342  1.360  2.079  2.916  0.752  1.974  2.143  1.135  1.328  1.792  3.208  0.836  2.081  2.139  2.046  1.886  1.134  1.300  0.808  1.850  2.060  2.058  1.452  1.358  1.934  0.000  2.104
Fritillariidae              r=0.225   2.383  2.807  0.126  3.650  1.790  0.133  0.132  1.264  1.012  0.420  3.893  1.545  0.148  0.046  2.189  0.456  2.431  1.990  2.825  0.622  0.119  3.158  0.821  0.776  0.636  2.104  0.000
