Temoridae                   r=1.102   0.000  2.916  2.223  3.557  1.777  3.390  3.769  0.906  1.904  1.336  3.643  2.211  3.390  3.308  3.427  2.767  2.407  2.251  0.458  2.875  3.471  2.549  2.214  1.396  3.456  0.394  3.241
Phaeodaria                  r=1.377   2.916  0.000  2.901  1.511  3.084  2.487  3.422  2.290  3.160  2.627  1.525  3.513  3.302  3.441  1.297  1.762  1.033  1.063  3.210  3.562  3.535  1.340  3.002  2.481  3.424  3.219  3.273
Haloptilus                  r=1.722   2.223  2.901  0.000  3.580  1.412  2.133  2.050  2.080  1.242  1.624  3.640  1.793  1.793  1.662  3.178  2.336  2.840  2.632  2.587  1.620  1.844  2.963  0.897  0.980  1.723  2.407  1.553
Limacinidae                 r=0.934   3.557  1.511  3.580  0.000  3.615  2.864  3.700  3.012  3.692  3.487  0.304  4.053  3.678  3.878  0.875  2.606  1.723  1.860  3.770  3.985  3.903  1.147  3.513  3.202  3.740  3.812  3.710
zoea__Decapoda              r=1.574   1.777  3.084  1.412  3.615  0.000  2.954  2.811  2.003  0.608  2.006  3.685  1.398  2.319  2.141  3.381  2.985  2.914  2.754  2.040  1.482  2.264  2.858  0.904  1.282  2.273  1.905  2.144
gonophore__Diphyidae        r=1.860   3.390  2.487  2.133  2.864  2.954  0.000  1.614  2.893  2.870  2.808  2.911  3.317  2.011  2.257  2.292  1.786  2.603  2.511  3.698  2.974  2.319  2.703  2.400  2.244  2.100  3.601  1.999
nectophore__Diphyidae       r=1.753   3.769  3.422  2.050  3.700  2.811  1.614  0.000  3.476  2.650  3.304  3.744  3.179  1.373  1.570  3.257  2.948  3.562  3.447  4.061  2.429  1.472  3.477  2.026  2.530  0.932  3.925  1.409
nauplii__Crustacea          r=1.262   0.906  2.290  2.080  3.012  2.003  2.893  3.476  0.000  2.139  0.999  3.115  2.575  3.099  3.078  2.806  2.065  1.694  1.503  1.237  3.014  3.253  2.011  2.225  1.171  3.288  1.209  2.967
multiple__Copepoda          r=2.007   1.904  3.160  1.242  3.692  0.608  2.870  2.650  2.139  0.000  2.035  3.750  0.969  2.300  2.143  3.450  3.022  3.043  2.877  2.173  1.039  2.232  2.971  0.717  1.334  2.048  2.019  2.126
Penilia                     r=0.950   1.336  2.627  1.624  3.487  2.006  2.808  3.304  0.999  2.035  0.000  3.563  2.400  2.980  2.905  3.150  1.999  2.263  2.016  1.708  2.836  3.111  2.646  2.086  0.996  3.117  1.570  2.792
Foraminifera                r=0.932   3.643  1.525  3.640  0.304  3.685  2.911  3.744  3.115  3.750  3.563  0.000  4.089  3.745  3.941  0.969  2.672  1.859  1.981  3.857  4.022  3.964  1.311  3.576  3.283  3.782  3.897  3.776
Euchaetidae                 r=1.606   2.211  3.513  1.793  4.053  1.398  3.317  3.179  2.575  0.969  2.400  4.089  0.000  3.021  2.877  3.846  3.421  3.456  3.297  2.438  1.245  2.973  3.379  1.535  1.936  2.576  2.300  2.846
tail__Appendicularia        r=1.267   3.390  3.302  1.793  3.678  2.319  2.011  1.373  3.099  2.300  2.980  3.745  3.021  0.000  0.475  3.231  2.799  3.330  3.188  3.678  2.302  0.491  3.314  1.647  2.191  1.312  3.543  0.317
Oikopleuridae               r=1.043   3.308  3.441  1.662  3.878  2.141  2.257  1.570  3.078  2.143  2.905  3.941  2.877  0.475  0.000  3.446  2.927  3.456  3.299  3.597  2.169  0.403  3.456  1.497  2.117  1.334  3.450  0.330
egg__other                  r=1.316   3.427  1.297  3.178  0.875  3.381  2.292  3.257  2.806  3.450  3.150  0.969  3.846  3.231  3.446  0.000  2.031  1.579  1.634  3.685  3.738  3.493  1.352  3.208  2.855  3.373  3.694  3.255
Noctiluca                   r=1.250   2.767  1.762  2.336  2.606  2.985  1.786  2.948  2.065  3.022  1.999  2.672  3.421  2.799  2.927  2.031  0.000  1.657  1.471  3.082  3.497  3.114  2.222  2.760  1.992  3.108  3.035  2.714
Evadne                      r=1.196   2.407  1.033  2.840  1.723  2.914  2.603  3.562  1.694  3.043  2.263  1.859  3.456  3.330  3.456  1.579  1.657  0.000  0.310  2.664  3.620  3.575  0.990  2.938  2.203  3.549  2.707  3.291
nauplii__Cirripedia         r=1.286   2.251  1.063  2.632  1.860  2.754  2.511  3.447  1.503  2.877  2.016  1.981  3.297  3.188  3.299  1.634  1.471  0.310  0.000  2.534  3.475  3.435  1.119  2.772  1.992  3.420  2.561  3.133
Oncaeidae                   r=0.749   0.458  3.210  2.587  3.770  2.040  3.698  4.061  1.237  2.173  1.708  3.857  2.438  3.678  3.597  3.685  3.082  2.664  2.534  0.000  3.139  3.748  2.753  2.514  1.774  3.743  0.258  3.542
Eucalanidae                 r=1.702   2.875  3.562  1.620  3.985  1.482  2.974  2.429  3.014  1.039  2.836  4.022  1.245  2.302  2.169  3.738  3.497  3.620  3.475  3.139  0.000  2.160  3.469  1.096  2.126  1.704  2.988  2.160
tail__Chaetognatha          r=1.117   3.471  3.535  1.844  3.903  2.264  2.319  1.472  3.253  2.232  3.111  3.964  2.973  0.491  0.403  3.493  3.114  3.575  3.435  3.748  2.160  0.000  3.521  1.581  2.307  1.216  3.602  0.527
Ostracoda                   r=1.586   2.549  1.340  2.963  1.147  2.858  2.703  3.477  2.011  2.971  2.646  1.311  3.379  3.314  3.456  1.352  2.222  0.990  1.119  2.753  3.469  3.521  0.000  2.872  2.387  3.406  2.813  3.306
multiple__other             r=2.109   2.214  3.002  0.897  3.513  0.904  2.400  2.026  2.225  0.717  2.086  3.576  1.535  1.647  1.497  3.208  2.760  2.938  2.772  2.514  1.096  1.581  2.872  0.000  1.226  1.454  2.360  1.469
eudoxie__Diphyidae          r=1.883   1.396  2.481  0.980  3.202  1.282  2.244  2.530  1.171  1.334  0.996  3.283  1.936  2.191  2.117  2.855  1.992  2.203  1.992  1.774  2.126  2.307  2.387  1.226  0.000  2.298  1.623  2.008
Salpida                     r=1.967   3.456  3.424  1.723  3.740  2.273  2.100  0.932  3.288  2.048  3.117  3.782  2.576  1.312  1.334  3.373  3.108  3.549  3.420  3.743  1.704  1.216  3.406  1.454  2.298  0.000  3.602  1.271
Harpacticoida               r=0.843   0.394  3.219  2.407  3.812  1.905  3.601  3.925  1.209  2.019  1.570  3.897  2.300  3.543  3.450  3.694  3.035  2.707  2.561  0.258  2.988  3.602  2.813  2.360  1.623  3.602  0.000  3.397
Fritillariidae              r=1.267   3.241  3.273  1.553  3.710  2.144  1.999  1.409  2.967  2.126  2.792  3.776  2.846  0.317  0.330  3.255  2.714  3.291  3.133  3.542  2.160  0.527  3.306  1.469  2.008  1.271  3.397  0.000
