zoea__Decapoda              r=0.947   0.000  3.501  3.352  2.562  3.367  3.727  5.281  3.952  3.448  4.321  4.229  3.856  3.443  3.705  2.514  3.744  3.452  4.065  3.547  3.255  4.451  3.865  4.209  3.489  3.972  4.061  3.653
Oncaeidae                   r=1.130   3.501  0.000  4.073  3.181  3.762  3.451  4.845  4.290  3.829  4.747  4.095  4.091  3.309  4.028  3.124  4.059  0.584  4.104  4.698  3.238  4.602  4.188  3.527  3.917  3.198  3.927  3.757
Salpida                     r=1.436   3.352  4.073  0.000  2.563  3.928  4.062  4.145  2.738  3.162  2.691  2.404  3.943  3.941  3.183  1.752  3.446  3.837  3.645  3.367  2.220  4.123  3.522  4.508  4.069  3.869  2.484  4.119
multiple__Copepoda          r=1.486   2.562  3.181  2.563  0.000  4.036  3.913  4.676  3.434  1.995  3.416  3.487  2.917  2.932  3.579  1.085  3.717  2.954  3.451  3.956  2.535  4.437  3.880  4.157  4.185  3.453  3.347  4.209
Ostracoda                   r=1.469   3.367  3.762  3.928  4.036  0.000  2.612  4.337  4.654  4.049  4.376  3.770  3.749  3.016  4.373  3.710  3.568  3.856  4.288  3.422  3.603  3.297  3.643  3.112  2.510  3.354  3.693  1.889
Evadne                      r=1.661   3.727  3.451  4.062  3.913  2.612  0.000  3.540  4.403  4.317  4.303  3.909  4.210  3.196  4.183  3.573  3.870  3.386  3.024  2.981  3.225  3.153  3.891  1.471  2.324  2.463  3.608  2.304
Noctiluca                   r=1.258   5.281  4.845  4.145  4.676  4.337  3.540  0.000  4.438  4.896  4.644  3.557  4.930  4.766  4.462  4.196  4.442  4.662  3.743  3.646  3.743  2.821  4.422  4.060  3.790  4.295  3.337  3.782
Fritillariidae              r=1.040   3.952  4.290  2.738  3.434  4.654  4.403  4.438  0.000  4.012  3.886  3.546  4.951  4.756  1.178  2.572  2.493  4.037  3.908  4.232  2.543  4.258  2.442  4.673  4.468  3.969  3.406  4.503
Eucalanidae                 r=1.352   3.448  3.829  3.162  1.995  4.049  4.317  4.896  4.012  0.000  2.684  3.831  2.159  2.688  4.179  2.295  3.893  3.659  3.699  4.291  3.447  4.846  4.076  4.442  4.625  3.812  3.717  4.548
Haloptilus                  r=0.826   4.321  4.747  2.691  3.416  4.376  4.303  4.644  3.886  2.684  0.000  3.695  3.778  3.895  4.263  2.994  4.151  4.511  3.346  3.893  3.674  4.890  4.246  4.554  4.710  4.076  3.640  4.788
nectophore__Diphyidae       r=1.197   4.229  4.095  2.404  3.487  3.770  3.909  3.557  3.546  3.831  3.695  0.000  4.127  4.033  3.694  2.825  3.301  3.890  3.932  4.061  1.978  3.893  3.396  4.420  4.280  3.847  0.640  4.020
Euchaetidae                 r=1.107   3.856  4.091  3.943  2.917  3.749  4.210  4.930  4.951  2.159  3.778  4.127  0.000  1.779  5.082  3.308  4.715  4.076  4.339  4.414  4.078  4.807  4.857  4.277  4.568  4.064  4.058  4.360
Temoridae                   r=1.440   3.443  3.309  3.941  2.932  3.016  3.196  4.766  4.756  2.688  3.895  4.033  1.779  0.000  4.772  3.162  4.326  3.355  3.692  4.264  3.627  4.480  4.444  3.235  4.040  3.102  3.876  3.650
Oikopleuridae               r=1.062   3.705  4.028  3.183  3.579  4.373  4.183  4.462  1.178  4.179  4.263  3.694  5.082  4.772  0.000  2.767  1.948  3.788  3.942  4.248  2.579  4.089  1.882  4.430  4.209  3.761  3.517  4.213
multiple__other             r=1.934   2.514  3.124  1.752  1.085  3.710  3.573  4.196  2.572  2.295  2.994  2.825  3.308  3.162  2.767  0.000  2.998  2.852  3.097  3.530  1.754  4.000  3.141  3.926  3.825  3.158  2.677  3.846
tail__Chaetognatha          r=1.114   3.744  4.059  3.446  3.717  3.568  3.870  4.442  2.493  3.893  4.151  3.301  4.715  4.326  1.948  2.998  0.000  3.890  3.833  4.272  2.620  3.935  0.366  4.223  4.090  3.629  3.145  3.844
Harpacticoida               r=1.234   3.452  0.584  3.837  2.954  3.856  3.386  4.662  4.037  3.659  4.511  3.890  4.076  3.355  3.788  2.852  3.890  0.000  3.853  4.585  2.954  4.537  4.024  3.464  3.928  3.007  3.700  3.828
Penilia                     r=1.056   4.065  4.104  3.645  3.451  4.288  3.024  3.743  3.908  3.699  3.346  3.932  4.339  3.692  3.942  3.097  3.833  3.853  0.000  3.842  3.206  4.337  3.874  3.553  4.296  3.399  3.534  4.316
Phaeodaria                  r=1.264   3.547  4.698  3.367  3.956  3.422  2.981  3.646  4.232  4.291  3.893  4.061  4.414  4.264  4.248  3.530  4.272  4.585  3.842  0.000  3.744  3.418  4.275  3.716  2.429  4.180  3.916  3.219
eudoxie__Diphyidae          r=1.782   3.255  3.238  2.220  2.535  3.603  3.225  3.743  2.543  3.447  3.674  1.978  4.078  3.627  2.579  1.754  2.620  2.954  3.206  3.744  0.000  3.528  2.724  3.599  3.719  2.728  1.686  3.564
egg__other                  r=1.624   4.451  4.602  4.123  4.437  3.297  3.153  2.821  4.258  4.846  4.890  3.893  4.807  4.480  4.089  4.000  3.935  4.537  4.337  3.418  3.528  0.000  3.922  3.491  2.369  3.738  3.774  2.137
tail__Appendicularia        r=1.065   3.865  4.188  3.522  3.880  3.643  3.891  4.422  2.442  4.076  4.246  3.396  4.857  4.444  1.882  3.141  0.366  4.024  3.874  4.275  2.724  3.922  0.000  4.248  4.105  3.688  3.236  3.866
nauplii__Cirripedia         r=1.435   4.209  3.527  4.508  4.157  3.112  1.471  4.060  4.673  4.442  4.554  4.420  4.277  3.235  4.430  3.926  4.223  3.464  3.553  3.716  3.599  3.491  4.248  0.000  2.900  1.836  4.158  2.784
Foraminifera                r=1.612   3.489  3.917  4.069  4.185  2.510  2.324  3.790  4.468  4.625  4.710  4.280  4.568  4.040  4.209  3.825  4.090  3.928  4.296  2.429  3.719  2.369  4.105  2.900  0.000  3.578  4.138  1.286
nauplii__Crustacea          r=1.503   3.972  3.198  3.869  3.453  3.354  2.463  4.295  3.969  3.812  4.076  3.847  4.064  3.102  3.761  3.158  3.629  3.007  3.399  4.180  2.728  3.738  3.688  1.836  3.578  0.000  3.584  3.303
gonophore__Diphyidae        r=1.453   4.061  3.927  2.484  3.347  3.693  3.608  3.337  3.406  3.717  3.640  0.640  4.058  3.876  3.517  2.677  3.145  3.700  3.534  3.916  1.686  3.774  3.236  4.158  4.138  3.584  0.000  3.900
Limacinidae                 r=1.549   3.653  3.757  4.119  4.209  1.889  2.304  3.782  4.503  4.548  4.788  4.020  4.360  3.650  4.213  3.846  3.844  3.828  4.316  3.219  3.564  2.137  3.866  2.784  1.286  3.303  3.900  0.000
