zoea__Decapoda              r=1.259   0.000  3.422  3.271  2.708  3.556  4.080  5.370  3.962  3.772  4.396  4.527  3.784  3.404  3.696  2.565  3.728  3.412  3.998  3.796  3.510  4.621  3.937  4.317  3.792  3.994  4.503  4.036
Oncaeidae                   r=1.275   3.422  0.000  4.191  3.004  3.482  3.373  4.874  4.463  3.646  4.274  4.536  3.627  2.631  4.160  3.043  4.039  0.578  3.635  4.582  3.441  4.334  4.156  3.395  3.837  2.737  4.385  3.599
Salpida                     r=1.737   3.271  4.191  0.000  2.756  3.663  4.094  4.032  2.784  3.710  3.177  2.407  3.983  3.980  3.189  2.024  3.465  4.049  3.454  3.171  2.359  3.813  3.608  4.368  3.751  3.838  2.657  3.881
multiple__Copepoda          r=1.690   2.708  3.004  2.756  0.000  3.891  3.862  4.523  3.462  2.270  3.229  4.031  2.947  2.867  3.671  1.041  3.749  2.845  3.127  3.957  2.987  4.180  3.962  3.997  4.004  3.351  3.992  3.971
Ostracoda                   r=1.465   3.556  3.482  3.663  3.891  0.000  2.563  3.985  4.291  4.356  4.373  3.931  4.114  3.355  4.016  3.393  3.311  3.545  3.638  3.065  3.375  2.933  3.330  2.971  2.293  3.230  3.812  1.962
Evadne                      r=1.447   4.080  3.373  4.094  3.862  2.563  0.000  3.335  4.050  4.705  4.549  4.228  4.471  3.501  3.974  3.529  3.852  3.316  2.384  2.912  3.147  2.857  3.850  1.647  2.393  2.463  3.767  2.412
Noctiluca                   r=0.958   5.370  4.874  4.032  4.523  3.985  3.335  0.000  4.170  4.990  4.603  3.810  4.981  4.802  4.503  4.163  4.638  4.803  3.427  3.390  3.764  2.700  4.596  4.026  3.565  4.303  3.315  3.505
Fritillariidae              r=1.275   3.962  4.463  2.784  3.462  4.291  4.050  4.170  0.000  4.503  4.334  3.738  5.042  4.769  1.356  2.718  2.809  4.253  3.600  3.966  2.655  3.816  2.803  4.441  3.975  4.003  3.612  4.043
Eucalanidae                 r=0.987   3.772  3.646  3.710  2.270  4.356  4.705  4.990  4.503  0.000  2.399  4.526  2.304  3.070  4.701  2.564  4.263  3.554  3.909  4.751  4.144  5.105  4.477  4.797  4.955  4.133  4.547  4.846
Haloptilus                  r=0.911   4.396  4.274  3.177  3.229  4.373  4.549  4.603  4.334  2.399  0.000  3.968  3.316  3.762  4.746  3.052  4.479  4.150  3.529  4.187  4.092  4.948  4.629  4.722  4.788  4.180  4.028  4.836
nectophore__Diphyidae       r=1.089   4.527  4.536  2.407  4.031  3.931  4.228  3.810  3.738  4.526  3.968  0.000  4.476  4.422  3.963  3.363  3.516  4.418  3.683  3.863  2.272  3.955  3.606  4.654  4.302  4.201  0.958  4.228
Euchaetidae                 r=1.173   3.784  3.627  3.983  2.947  4.114  4.471  4.981  5.042  2.304  3.316  4.476  0.000  1.895  5.237  3.269  4.752  3.739  4.061  4.645  4.313  5.126  4.924  4.503  4.886  4.131  4.521  4.790
Temoridae                   r=1.260   3.404  2.631  3.980  2.867  3.355  3.501  4.802  4.769  3.070  3.762  4.422  1.895  0.000  4.805  3.063  4.306  2.816  3.411  4.308  3.708  4.524  4.433  3.512  4.193  3.078  4.332  3.987
Oikopleuridae               r=1.078   3.696  4.160  3.189  3.671  4.016  3.974  4.503  1.356  4.701  4.746  3.963  5.237  4.805  0.000  2.901  2.277  3.952  3.828  4.100  2.640  3.887  2.256  4.306  3.833  3.836  3.809  3.843
multiple__other             r=2.024   2.565  3.043  2.024  1.041  3.393  3.529  4.163  2.718  2.564  3.052  3.363  3.269  3.063  2.901  0.000  2.991  2.850  2.871  3.481  2.246  3.670  3.202  3.729  3.515  3.046  3.352  3.494
tail__Chaetognatha          r=1.185   3.728  4.039  3.465  3.749  3.311  3.852  4.638  2.809  4.263  4.479  3.516  4.752  4.306  2.277  2.991  0.000  3.889  3.718  4.226  2.663  3.924  0.446  4.289  3.977  3.850  3.475  3.768
Harpacticoida               r=1.298   3.412  0.578  4.049  2.845  3.545  3.316  4.803  4.253  3.554  4.150  4.418  3.739  2.816  3.952  2.850  3.889  0.000  3.478  4.541  3.236  4.274  4.011  3.362  3.837  2.584  4.251  3.618
Penilia                     r=1.502   3.998  3.635  3.454  3.127  3.638  2.384  3.427  3.600  3.909  3.529  3.683  4.061  3.411  3.828  2.871  3.718  3.478  0.000  3.454  2.777  3.718  3.804  3.214  3.773  2.988  3.199  3.735
Phaeodaria                  r=1.332   3.796  4.582  3.171  3.957  3.065  2.912  3.390  3.966  4.751  4.187  3.863  4.645  4.308  4.100  3.481  4.226  4.541  3.454  0.000  3.574  3.231  4.269  3.465  2.343  3.999  3.656  3.133
eudoxie__Diphyidae          r=1.757   3.510  3.441  2.359  2.987  3.375  3.147  3.764  2.655  4.144  4.092  2.272  4.313  3.708  2.640  2.246  2.663  3.236  2.777  3.574  0.000  3.192  2.783  3.473  3.430  2.753  2.006  3.308
egg__other                  r=1.252   4.621  4.334  3.813  4.180  2.933  2.857  2.700  3.816  5.105  4.948  3.955  5.126  4.524  3.887  3.670  3.924  4.274  3.718  3.231  3.192  0.000  3.868  3.167  2.102  3.500  3.655  1.692
tail__Appendicularia        r=1.105   3.937  4.156  3.608  3.962  3.330  3.850  4.596  2.803  4.477  4.629  3.606  4.924  4.433  2.256  3.202  0.446  4.011  3.804  4.269  2.783  3.868  0.000  4.292  3.972  3.899  3.550  3.736
nauplii__Cirripedia         r=1.233   4.317  3.395  4.368  3.997  2.971  1.647  4.026  4.441  4.797  4.722  4.654  4.503  3.512  4.306  3.729  4.289  3.362  3.214  3.465  3.473  3.167  4.292  0.000  2.618  1.762  4.316  2.607
Foraminifera                r=1.462   3.792  3.837  3.751  4.004  2.293  2.393  3.565  3.975  4.955  4.788  4.302  4.886  4.193  3.833  3.515  3.977  3.837  3.773  2.343  3.430  2.102  3.972  2.618  0.000  3.270  4.081  1.276
nauplii__Crustacea          r=1.450   3.994  2.737  3.838  3.351  3.230  2.463  4.303  4.003  4.133  4.180  4.201  4.131  3.078  3.836  3.046  3.850  2.584  2.988  3.999  2.753  3.500  3.899  1.762  3.270  0.000  3.940  3.074
gonophore__Diphyidae        r=1.332   4.503  4.385  2.657  3.992  3.812  3.767  3.315  3.612  4.547  4.028  0.958  4.521  4.332  3.809  3.352  3.475  4.251  3.199  3.656  2.006  3.655  3.550  4.316  4.081  3.940  0.000  4.004
Limacinidae                 r=1.301   4.036  3.599  3.881  3.971  1.962  2.412  3.505  4.043  4.846  4.836  4.228  4.790  3.987  3.843  3.494  3.768  3.618  3.735  3.133  3.308  1.692  3.736  2.607  1.276  3.074  4.004  0.000
