Temoridae                   r=1.374   0.000  3.173  2.873  2.691  2.110  3.448  4.034  1.571  1.797  2.174  2.881  2.042  3.889  3.741  3.422  3.833  2.465  2.627  1.738  2.576  3.776  1.961  2.133  1.578  3.448  1.472  3.348
Phaeodaria                  r=1.750   3.173  0.000  3.518  2.121  3.234  3.193  4.056  2.800  3.321  2.623  1.889  3.673  3.901  3.865  2.183  2.823  2.153  2.317  3.786  3.820  3.798  2.403  3.092  2.740  3.774  3.685  3.620
Haloptilus                  r=1.766   2.873  3.518  0.000  4.026  2.843  2.020  2.237  3.486  2.101  2.471  4.088  2.067  3.964  3.871  3.920  3.671  3.970  4.116  3.882  1.891  3.794  3.692  1.759  2.069  1.500  3.640  3.154
Limacinidae                 r=1.344   2.691  2.121  4.026  0.000  3.155  3.688  4.456  1.901  3.354  2.814  0.544  3.783  3.814  3.802  1.755  3.022  1.298  1.471  2.970  4.039  3.773  1.030  3.270  2.704  4.201  2.964  3.662
zoea__Decapoda              r=1.429   2.110  3.234  2.843  3.155  0.000  3.234  3.442  2.799  1.175  3.122  3.227  2.255  2.913  2.703  3.421  4.175  3.386  3.575  2.559  2.198  2.686  2.525  1.218  1.887  2.832  2.446  2.328
gonophore__Diphyidae        r=1.867   3.448  3.193  2.020  3.688  3.234  0.000  1.706  3.486  3.071  2.604  3.753  3.489  3.305  3.307  3.247  2.868  3.809  3.964  3.999  3.378  3.207  3.538  2.329  2.127  1.784  3.838  2.631
nectophore__Diphyidae       r=1.526   4.034  4.056  2.237  4.456  3.442  1.706  0.000  4.192  3.244  3.716  4.511  3.722  3.526  3.529  4.174  4.129  4.593  4.725  4.475  3.309  3.383  4.199  2.496  2.864  0.965  4.319  2.821
nauplii__Crustacea          r=1.557   1.571  2.800  3.486  1.901  2.799  3.486  4.192  0.000  2.755  2.104  2.183  3.202  3.542  3.465  2.727  3.230  1.435  1.543  1.975  3.546  3.520  1.396  2.742  1.807  3.830  1.734  3.226
multiple__Copepoda          r=1.740   1.797  3.321  2.101  3.354  1.175  3.071  3.244  2.755  0.000  2.716  3.441  1.213  3.454  3.264  3.619  4.068  3.370  3.534  2.770  1.162  3.240  2.787  0.957  1.712  2.468  2.552  2.756
Penilia                     r=1.568   2.174  2.623  2.471  2.814  3.122  2.604  3.716  2.104  2.716  0.000  2.954  2.803  3.906  3.836  2.848  2.323  2.411  2.551  3.261  3.182  3.848  2.697  2.559  1.658  3.278  2.994  3.377
Foraminifera                r=1.406   2.881  1.889  4.088  0.544  3.227  3.753  4.511  2.183  3.441  2.954  0.000  3.847  3.900  3.895  1.808  3.135  1.445  1.581  3.215  4.086  3.850  1.286  3.356  2.886  4.258  3.207  3.764
Euchaetidae                 r=1.080   2.042  3.673  2.067  3.783  2.255  3.489  3.722  3.202  1.213  2.803  3.847  0.000  4.381  4.210  4.067  4.329  3.700  3.842  3.362  0.970  4.185  3.320  1.897  2.324  2.904  3.133  3.696
tail__Appendicularia        r=0.977   3.889  3.901  3.964  3.814  2.913  3.305  3.526  3.542  3.454  3.906  3.900  4.381  0.000  0.403  3.558  4.017  4.079  4.173  3.809  4.184  0.356  3.514  2.796  2.890  3.433  3.711  0.985
Oikopleuridae               r=0.968   3.741  3.865  3.871  3.802  2.703  3.307  3.529  3.465  3.264  3.836  3.895  4.210  0.403  0.000  3.552  4.040  4.047  4.147  3.683  4.018  0.327  3.454  2.630  2.756  3.374  3.574  0.861
egg__other                  r=1.501   3.422  2.183  3.920  1.755  3.421  3.247  4.174  2.727  3.619  2.848  1.808  4.067  3.558  3.552  0.000  2.116  2.310  2.418  3.788  4.194  3.517  2.281  3.323  2.848  4.011  3.742  3.407
Noctiluca                   r=1.383   3.833  2.823  3.671  3.022  4.175  2.868  4.129  3.230  4.068  2.323  3.135  4.329  4.017  4.040  2.116  0.000  3.004  3.074  4.404  4.495  4.016  3.388  3.678  3.006  4.002  4.276  3.747
Evadne                      r=1.200   2.465  2.153  3.970  1.298  3.386  3.809  4.593  1.435  3.370  2.411  1.445  3.700  4.079  4.047  2.310  3.004  0.000  0.368  2.995  4.025  4.051  1.559  3.363  2.610  4.299  2.864  3.863
nauplii__Cirripedia         r=1.030   2.627  2.317  4.116  1.471  3.575  3.964  4.725  1.543  3.534  2.551  1.581  3.842  4.173  4.147  2.418  3.074  0.368  0.000  3.159  4.160  4.154  1.760  3.536  2.799  4.442  3.024  3.986
Oncaeidae                   r=0.838   1.738  3.786  3.882  2.970  2.559  3.999  4.475  1.975  2.770  3.261  3.215  3.362  3.809  3.683  3.788  4.404  2.995  3.159  0.000  3.664  3.748  2.056  2.870  2.314  4.069  0.461  3.432
Eucalanidae                 r=1.243   2.576  3.820  1.891  4.039  2.198  3.378  3.309  3.546  1.162  3.182  4.086  0.970  4.184  4.018  4.194  4.495  4.025  4.160  3.664  0.000  3.960  3.600  1.675  2.506  2.449  3.443  3.471
tail__Chaetognatha          r=1.212   3.776  3.798  3.794  3.773  2.686  3.207  3.383  3.520  3.240  3.848  3.850  4.185  0.356  0.327  3.517  4.016  4.051  4.154  3.748  3.960  0.000  3.451  2.575  2.776  3.245  3.647  0.820
Ostracoda                   r=1.696   1.961  2.403  3.692  1.030  2.525  3.538  4.199  1.396  2.787  2.697  1.286  3.320  3.514  3.454  2.281  3.388  1.559  1.760  2.056  3.600  3.451  0.000  2.750  2.182  3.868  2.060  3.265
multiple__other             r=2.169   2.133  3.092  1.759  3.270  1.218  2.329  2.496  2.742  0.957  2.559  3.356  1.897  2.796  2.630  3.323  3.678  3.363  3.536  2.870  1.675  2.575  2.750  0.000  1.318  1.786  2.664  1.990
eudoxie__Diphyidae          r=2.111   1.578  2.740  2.069  2.704  1.887  2.127  2.864  1.807  1.712  1.658  2.886  2.324  2.890  2.756  2.848  3.006  2.610  2.799  2.314  2.506  2.776  2.182  1.318  0.000  2.387  2.045  2.196
Salpida                     r=1.931   3.448  3.774  1.500  4.201  2.832  1.784  0.965  3.830  2.468  3.278  4.258  2.904  3.433  3.374  4.011  4.002  4.299  4.442  4.069  2.449  3.245  3.868  1.786  2.387  0.000  3.885  2.630
Harpacticoida               r=1.006   1.472  3.685  3.640  2.964  2.446  3.838  4.319  1.734  2.552  2.994  3.207  3.133  3.711  3.574  3.742  4.276  2.864  3.024  0.461  3.443  3.647  2.060  2.664  2.045  3.885  0.000  3.293
Fritillariidae              r=1.547   3.348  3.620  3.154  3.662  2.328  2.631  2.821  3.226  2.756  3.377  3.764  3.696  0.985  0.861  3.407  3.747  3.863  3.986  3.432  3.471  0.820  3.265  1.990  2.196  2.630  3.293  0.000
