zoea__Decapoda              r=1.700   0.000  2.376  2.429  2.148  2.321  2.694  3.460  2.767  2.480  2.695  2.802  2.555  2.199  2.382  2.060  2.144  2.424  2.564  2.893  2.480  3.029  2.360  2.687  2.958  2.297  2.713  2.904
Oncaeidae                   r=1.028   2.376  0.000  1.940  1.246  1.831  1.932  2.568  1.869  1.755  1.822  2.136  1.622  0.772  1.750  1.391  1.777  0.418  1.726  2.850  1.255  2.629  1.741  1.903  2.697  1.281  1.923  2.445
Salpida                     r=0.977   2.429  1.940  0.000  1.122  2.726  3.041  2.664  1.287  0.793  1.064  0.732  1.072  1.572  0.701  0.760  0.830  1.909  1.748  2.962  0.944  2.908  0.765  3.032  3.221  2.391  0.583  3.140
multiple__Copepoda          r=1.210   2.148  1.246  1.122  0.000  2.314  2.532  2.539  1.328  0.889  1.273  1.382  0.858  0.897  1.040  0.467  1.123  1.202  1.532  2.952  0.693  2.688  1.089  2.490  3.016  1.753  1.194  2.831
Ostracoda                   r=1.464   2.321  1.831  2.726  2.314  0.000  0.861  2.867  2.727  2.714  2.529  2.960  2.688  1.883  2.650  2.288  2.452  1.895  2.261  2.257  2.396  2.059  2.506  0.791  1.811  1.220  2.793  1.543
Evadne                      r=1.160   2.694  1.932  3.041  2.532  0.861  0.000  2.651  2.832  3.018  2.671  3.268  2.992  2.115  2.935  2.554  2.862  1.908  2.156  2.186  2.629  2.170  2.886  0.623  1.879  1.469  3.058  1.691
Noctiluca                   r=0.927   3.460  2.568  2.664  2.539  2.867  2.651  0.000  1.771  2.820  1.824  2.943  2.942  2.676  2.465  2.422  2.792  2.370  1.580  2.285  2.482  2.281  2.725  2.908  2.714  2.734  2.682  2.804
Fritillariidae              r=1.086   2.767  1.869  1.287  1.328  2.727  2.832  1.771  0.000  1.442  0.797  1.589  1.572  1.707  0.914  1.153  1.507  1.725  1.252  2.759  1.117  2.552  1.398  2.922  3.039  2.363  1.323  2.974
Eucalanidae                 r=0.682   2.480  1.755  0.793  0.889  2.714  3.018  2.820  1.442  0.000  1.239  0.692  0.603  1.260  0.924  0.794  0.730  1.761  1.872  3.236  0.866  3.130  0.612  2.966  3.436  2.302  0.663  3.298
Haloptilus                  r=1.025   2.695  1.822  1.064  1.273  2.529  2.671  1.824  0.797  1.239  0.000  1.371  1.534  1.620  0.945  1.005  1.245  1.679  1.137  2.574  1.157  2.455  1.134  2.745  2.897  2.204  1.121  2.838
nectophore__Diphyidae       r=0.462   2.802  2.136  0.732  1.382  2.960  3.268  2.943  1.589  0.692  1.371  0.000  0.996  1.703  1.127  1.154  0.991  2.140  2.089  3.288  1.115  3.275  0.846  3.233  3.537  2.642  0.345  3.445
Euchaetidae                 r=0.629   2.555  1.622  1.072  0.858  2.688  2.992  2.942  1.572  0.603  1.534  0.996  0.000  1.081  1.135  0.951  1.084  1.706  2.031  3.379  0.740  3.190  0.970  2.897  3.473  2.216  0.923  3.291
Temoridae                   r=1.139   2.199  0.772  1.572  0.897  1.883  2.115  2.676  1.707  1.260  1.620  1.703  1.081  0.000  1.441  1.074  1.348  0.941  1.698  2.961  0.951  2.783  1.314  2.016  2.937  1.392  1.527  2.711
Oikopleuridae               r=0.953   2.382  1.750  0.701  1.040  2.650  2.935  2.465  0.914  0.924  0.945  1.127  1.135  1.441  0.000  0.748  0.835  1.695  1.570  3.003  0.824  2.778  0.764  2.956  3.187  2.282  0.922  3.073
multiple__other             r=1.419   2.060  1.391  0.760  0.467  2.288  2.554  2.422  1.153  0.794  1.005  1.154  0.951  1.074  0.748  0.000  0.852  1.341  1.433  2.743  0.658  2.559  0.833  2.541  2.872  1.833  0.949  2.735
tail__Chaetognatha          r=1.250   2.144  1.777  0.830  1.123  2.452  2.862  2.792  1.507  0.730  1.245  0.991  1.084  1.348  0.835  0.852  0.000  1.805  1.846  2.999  1.085  2.888  0.291  2.840  3.168  2.198  0.955  3.047
Harpacticoida               r=1.098   2.424  0.418  1.909  1.202  1.895  1.908  2.370  1.725  1.761  1.679  2.140  1.706  0.941  1.695  1.341  1.805  0.000  1.480  2.754  1.264  2.523  1.761  1.949  2.650  1.352  1.903  2.429
Penilia                     r=1.244   2.564  1.726  1.748  1.532  2.261  2.156  1.580  1.252  1.872  1.137  2.089  2.031  1.698  1.570  1.433  1.846  1.480  0.000  2.306  1.579  2.349  1.811  2.366  2.693  2.065  1.807  2.671
Phaeodaria                  r=1.332   2.893  2.850  2.962  2.952  2.257  2.186  2.285  2.759  3.236  2.574  3.288  3.379  2.961  3.003  2.743  2.999  2.754  2.306  0.000  2.981  2.170  3.057  2.507  1.505  2.720  3.090  1.978
eudoxie__Diphyidae          r=1.115   2.480  1.255  0.944  0.693  2.396  2.629  2.482  1.117  0.866  1.157  1.115  0.740  0.951  0.824  0.658  1.085  1.264  1.579  2.981  0.000  2.730  0.950  2.595  3.035  1.904  0.873  2.861
egg__other                  r=1.500   3.029  2.629  2.908  2.688  2.059  2.170  2.281  2.552  3.130  2.455  3.275  3.190  2.783  2.778  2.559  2.888  2.523  2.349  2.170  2.730  0.000  2.901  2.329  1.417  2.218  3.072  1.267
tail__Appendicularia        r=1.081   2.360  1.741  0.765  1.089  2.506  2.886  2.725  1.398  0.612  1.134  0.846  0.970  1.314  0.764  0.833  0.291  1.761  1.811  3.057  0.950  2.901  0.000  2.856  3.213  2.203  0.798  3.077
nauplii__Cirripedia         r=1.150   2.687  1.903  3.032  2.490  0.791  0.623  2.908  2.922  2.966  2.745  3.233  2.897  2.016  2.956  2.541  2.840  1.949  2.366  2.507  2.595  2.329  2.856  0.000  2.108  1.159  3.046  1.835
Foraminifera                r=1.370   2.958  2.697  3.221  3.016  1.811  1.879  2.714  3.039  3.436  2.897  3.537  3.473  2.937  3.187  2.872  3.168  2.650  2.693  1.505  3.035  1.417  3.213  2.108  0.000  2.302  3.345  0.682
nauplii__Crustacea          r=1.611   2.297  1.281  2.391  1.753  1.220  1.469  2.734  2.363  2.302  2.204  2.642  2.216  1.392  2.282  1.833  2.198  1.352  2.065  2.720  1.904  2.218  2.203  1.159  2.302  0.000  2.463  1.962
gonophore__Diphyidae        r=0.797   2.713  1.923  0.583  1.194  2.793  3.058  2.682  1.323  0.663  1.121  0.345  0.923  1.527  0.922  0.949  0.955  1.903  1.807  3.090  0.873  3.072  0.798  3.046  3.345  2.463  0.000  3.257
Limacinidae                 r=1.166   2.904  2.445  3.140  2.831  1.543  1.691  2.804  2.974  3.298  2.838  3.445  3.291  2.711  3.073  2.735  3.047  2.429  2.671  1.978  2.861  1.267  3.077  1.835  0.682  1.962  3.257  0.000
