zoea__Decapoda              r=1.332   0.000  3.018  3.511  2.295  3.345  4.103  5.184  3.499  2.887  3.774  4.346  2.917  2.979  3.230  2.534  3.325  2.963  4.123  3.883  3.445  4.327  3.525  4.046  3.842  3.616  4.264  3.807
Oncaeidae                   r=1.252   3.018  0.000  3.730  2.773  3.304  3.778  4.710  3.636  2.977  3.898  3.921  2.806  1.975  3.439  2.892  3.266  0.588  3.657  4.615  3.042  4.070  3.351  3.616  4.139  2.849  3.788  3.718
Salpida                     r=1.544   3.511  3.730  0.000  2.563  3.770  3.764  3.971  1.624  2.841  2.114  1.784  3.038  3.272  2.315  1.569  2.921  3.466  3.337  3.881  1.767  3.905  2.792  3.823  4.249  3.320  1.824  4.103
multiple__Copepoda          r=1.586   2.295  2.773  2.563  0.000  3.673  3.791  4.313  2.707  1.527  2.752  3.260  1.910  2.223  2.826  1.115  2.970  2.463  3.128  4.101  2.159  3.977  3.103  3.642  4.238  2.700  3.122  4.001
Ostracoda                   r=1.659   3.345  3.304  3.770  3.673  0.000  2.541  4.033  3.899  3.810  3.860  4.100  3.507  2.904  3.962  3.402  3.529  3.425  3.794  3.154  3.549  2.766  3.514  2.553  2.319  2.915  3.970  1.785
Evadne                      r=1.351   4.103  3.778  3.764  3.791  2.541  0.000  2.479  3.545  4.183  3.818  4.054  4.108  3.373  3.846  3.449  4.125  3.650  2.553  2.230  3.183  1.719  4.031  0.797  1.931  2.587  3.664  1.765
Noctiluca                   r=0.674   5.184  4.710  3.971  4.313  4.033  2.479  0.000  3.679  4.480  3.882  4.011  4.601  4.273  4.196  3.912  4.579  4.468  2.511  3.214  3.510  2.412  4.438  2.804  3.579  3.676  3.556  3.529
Fritillariidae              r=1.482   3.499  3.636  1.624  2.707  3.899  3.545  3.679  0.000  3.232  2.819  2.453  3.471  3.462  1.091  1.795  2.507  3.353  3.041  3.808  1.678  3.523  2.355  3.566  4.072  3.153  2.280  3.930
Eucalanidae                 r=1.599   2.887  2.977  2.841  1.527  3.810  4.183  4.480  3.232  0.000  2.312  3.213  1.501  2.267  3.372  1.859  3.018  2.748  3.434  4.446  2.730  4.425  3.143  4.096  4.659  3.086  3.184  4.437
Haloptilus                  r=1.487   3.774  3.898  2.114  2.752  3.860  3.818  3.882  2.819  2.312  0.000  2.481  2.962  3.253  3.268  2.191  3.228  3.630  2.867  3.982  2.600  4.177  3.183  3.863  4.499  3.308  2.414  4.368
nectophore__Diphyidae       r=0.589   4.346  3.921  1.784  3.260  4.100  4.054  4.011  2.453  3.213  2.481  0.000  3.332  3.424  2.996  2.440  2.866  3.673  3.303  4.544  1.834  4.271  2.659  4.125  4.842  3.551  0.646  4.562
Euchaetidae                 r=1.495   2.917  2.806  3.038  1.910  3.507  4.108  4.601  3.471  1.501  2.962  3.332  0.000  1.587  3.629  2.205  3.274  2.716  3.731  4.571  2.783  4.329  3.347  4.011  4.571  3.000  3.336  4.231
Temoridae                   r=1.548   2.979  1.975  3.272  2.223  2.904  3.373  4.273  3.462  2.267  3.253  3.424  1.587  0.000  3.540  2.399  3.226  1.929  3.184  4.289  2.566  3.796  3.274  3.217  4.038  2.184  3.317  3.559
Oikopleuridae               r=1.333   3.230  3.439  2.315  2.826  3.962  3.846  4.196  1.091  3.372  3.268  2.996  3.629  3.540  0.000  2.114  2.106  3.200  3.360  4.089  2.112  3.762  2.039  3.799  4.202  3.245  2.877  4.043
multiple__other             r=1.947   2.534  2.892  1.569  1.115  3.402  3.449  3.912  1.795  1.859  2.191  2.440  2.205  2.399  2.114  0.000  2.512  2.582  2.854  3.741  1.402  3.623  2.538  3.386  3.946  2.595  2.309  3.725
tail__Chaetognatha          r=1.352   3.325  3.266  2.921  2.970  3.529  4.125  4.579  2.507  3.018  3.228  2.866  3.274  3.226  2.106  2.512  0.000  3.134  3.567  4.530  2.526  4.092  0.433  4.046  4.506  3.271  2.913  4.172
Harpacticoida               r=1.289   2.963  0.588  3.466  2.463  3.425  3.650  4.468  3.353  2.748  3.630  3.673  2.716  1.929  3.200  2.582  3.134  0.000  3.296  4.487  2.710  3.965  3.219  3.485  4.139  2.670  3.507  3.752
Penilia                     r=1.283   4.123  3.657  3.337  3.128  3.794  2.553  2.511  3.041  3.434  2.867  3.303  3.731  3.184  3.360  2.854  3.567  3.296  0.000  3.462  2.512  3.084  3.507  2.584  3.871  2.663  2.862  3.672
Phaeodaria                  r=1.265   3.883  4.615  3.881  4.101  3.154  2.230  3.214  3.808  4.446  3.982  4.544  4.571  4.289  4.089  3.741  4.530  4.487  3.462  0.000  3.933  2.717  4.495  2.583  1.917  3.829  4.241  2.611
eudoxie__Diphyidae          r=1.590   3.445  3.042  1.767  2.159  3.549  3.183  3.510  1.678  2.730  2.600  1.834  2.783  2.566  2.112  1.402  2.526  2.710  2.512  3.933  0.000  3.381  2.420  3.115  4.046  2.352  1.533  3.703
egg__other                  r=1.704   4.327  4.070  3.905  3.977  2.766  1.719  2.412  3.523  4.425  4.177  4.271  4.329  3.796  3.762  3.623  4.092  3.965  3.084  2.717  3.381  0.000  3.982  1.822  2.010  2.987  3.904  1.671
tail__Appendicularia        r=1.277   3.525  3.351  2.792  3.103  3.514  4.031  4.438  2.355  3.143  3.183  2.659  3.347  3.274  2.039  2.538  0.433  3.219  3.507  4.495  2.420  3.982  0.000  3.980  4.462  3.282  2.710  4.116
nauplii__Cirripedia         r=1.476   4.046  3.616  3.823  3.642  2.553  0.797  2.804  3.566  4.096  3.863  4.125  4.011  3.217  3.799  3.386  4.046  3.485  2.584  2.583  3.115  1.822  3.980  0.000  2.111  2.091  3.750  1.790
Foraminifera                r=1.224   3.842  4.139  4.249  4.238  2.319  1.931  3.579  4.072  4.659  4.499  4.842  4.571  4.038  4.202  3.946  4.506  4.139  3.871  1.917  4.046  2.010  4.462  2.111  0.000  3.507  4.543  1.078
nauplii__Crustacea          r=1.815   3.616  2.849  3.320  2.700  2.915  2.587  3.676  3.153  3.086  3.308  3.551  3.000  2.184  3.245  2.595  3.271  2.670  2.663  3.829  2.352  2.987  3.282  2.091  3.507  0.000  3.302  3.004
gonophore__Diphyidae        r=1.025   4.264  3.788  1.824  3.122  3.970  3.664  3.556  2.280  3.184  2.414  0.646  3.336  3.317  2.877  2.309  2.913  3.507  2.862  4.241  1.533  3.904  2.710  3.750  4.543  3.302  0.000  4.272
Limacinidae                 r=1.249   3.807  3.718  4.103  4.001  1.785  1.765  3.529  3.930  4.437  4.368  4.562  4.231  3.559  4.043  3.725  4.172  3.752  3.672  2.611  3.703  1.671  4.116  1.790  1.078  3.004  4.272  0.000
