zoea__Decapoda              r=1.064   0.000  3.623  3.431  3.116  3.827  4.305  5.222  4.188  4.063  4.677  4.364  3.813  3.621  3.561  2.866  3.557  3.662  4.083  4.125  3.606  4.793  3.738  4.636  4.312  4.345  4.341  4.405
Oncaeidae                   r=1.076   3.623  0.000  4.154  3.300  3.826  3.778  4.508  4.258  3.980  4.611  4.089  3.886  3.079  3.945  3.227  3.824  0.661  4.094  4.798  3.308  4.374  3.902  3.838  4.098  3.330  4.020  3.746
Salpida                     r=1.288   3.431  4.154  0.000  2.605  3.858  4.383  4.145  2.942  3.450  3.048  2.439  3.816  3.928  3.237  1.882  3.592  4.062  3.617  3.626  2.318  4.203  3.624  4.749  4.225  3.982  2.522  4.278
multiple__Copepoda          r=1.469   3.116  3.300  2.605  0.000  4.058  3.958  4.132  3.326  2.543  3.493  3.642  2.958  3.111  3.581  0.968  3.771  3.225  3.240  3.988  2.670  4.073  3.894  4.191  4.119  3.421  3.560  3.974
Ostracoda                   r=1.432   3.827  3.826  3.858  4.058  0.000  2.916  3.693  4.809  4.375  4.554  3.924  3.980  3.394  4.388  3.626  3.606  3.944  4.246  3.204  3.750  3.022  3.635  3.380  2.552  3.546  3.833  2.271
Evadne                      r=1.484   4.305  3.778  4.383  3.958  2.916  0.000  3.294  4.375  4.647  4.580  4.281  4.309  3.621  4.382  3.690  4.219  3.741  3.178  3.066  3.540  3.278  4.174  1.718  2.543  2.665  3.923  2.675
Noctiluca                   r=1.431   5.222  4.508  4.145  4.132  3.693  3.294  0.000  4.341  4.552  4.439  3.681  4.325  4.210  4.642  3.890  4.759  4.466  3.880  3.468  3.734  2.466  4.663  3.813  3.390  3.895  3.349  3.297
Fritillariidae              r=1.190   4.188  4.258  2.942  3.326  4.809  4.375  4.341  0.000  4.198  4.013  3.598  4.636  4.567  1.702  2.755  3.288  4.053  3.722  4.455  2.756  4.532  3.145  4.849  4.707  4.209  3.549  4.745
Eucalanidae                 r=1.124   4.063  3.980  3.450  2.543  4.375  4.647  4.552  4.198  0.000  2.320  3.930  2.489  3.202  4.401  2.635  3.959  3.949  3.611  4.707  3.758  4.810  4.092  4.735  4.931  3.937  3.944  4.721
Haloptilus                  r=0.780   4.677  4.611  3.048  3.493  4.554  4.580  4.439  4.013  2.320  0.000  3.584  3.565  3.906  4.484  3.158  4.297  4.532  3.194  4.306  3.850  5.057  4.334  4.853  4.964  4.244  3.539  5.011
nectophore__Diphyidae       r=1.118   4.364  4.089  2.439  3.642  3.924  4.281  3.681  3.598  3.930  3.584  0.000  4.095  4.050  3.796  3.039  3.387  3.957  3.720  4.251  2.025  4.227  3.365  4.652  4.559  3.945  0.709  4.462
Euchaetidae                 r=1.194   3.813  3.886  3.816  2.958  3.980  4.309  4.325  4.636  2.489  3.565  4.095  0.000  1.965  4.872  3.189  4.530  4.057  3.924  4.580  3.898  4.544  4.655  4.370  4.743  3.915  4.091  4.367
Temoridae                   r=1.245   3.621  3.079  3.928  3.111  3.394  3.621  4.210  4.567  3.202  3.906  4.050  1.965  0.000  4.663  3.177  4.154  3.318  3.479  4.526  3.493  4.157  4.259  3.669  4.340  3.150  3.967  3.845
Oikopleuridae               r=1.165   3.561  3.945  3.237  3.581  4.388  4.382  4.642  1.702  4.401  4.484  3.796  4.872  4.663  0.000  2.925  2.465  3.731  4.036  4.500  2.895  4.541  2.339  4.834  4.542  4.217  3.786  4.542
multiple__other             r=1.876   2.866  3.227  1.882  0.968  3.626  3.690  3.890  2.755  2.635  3.158  3.039  3.189  3.177  2.925  0.000  3.148  3.119  2.980  3.597  2.067  3.805  3.247  4.021  3.800  3.219  2.969  3.726
tail__Chaetognatha          r=1.208   3.557  3.824  3.592  3.771  3.606  4.219  4.759  3.288  3.959  4.297  3.387  4.530  4.154  2.465  3.148  0.000  3.669  3.931  4.713  3.027  4.527  0.424  4.630  4.594  4.026  3.514  4.427
Harpacticoida               r=1.090   3.662  0.661  4.062  3.225  3.944  3.741  4.466  4.053  3.949  4.532  3.957  4.057  3.318  3.731  3.119  3.669  0.000  3.898  4.790  3.138  4.431  3.726  3.868  4.160  3.277  3.883  3.875
Penilia                     r=1.143   4.083  4.094  3.617  3.240  4.246  3.178  3.880  3.722  3.611  3.194  3.720  3.924  3.479  4.036  2.980  3.931  3.898  0.000  3.971  3.191  4.574  3.913  3.956  4.496  3.577  3.381  4.585
Phaeodaria                  r=1.101   4.125  4.798  3.626  3.988  3.204  3.066  3.468  4.455  4.707  4.306  4.251  4.580  4.526  4.500  3.597  4.713  4.790  3.971  0.000  4.053  3.462  4.705  3.870  2.324  4.381  3.981  3.114
eudoxie__Diphyidae          r=1.626   3.606  3.308  2.318  2.670  3.750  3.540  3.734  2.756  3.758  3.850  2.025  3.898  3.493  2.895  2.067  3.027  3.138  3.191  4.053  0.000  3.726  3.018  3.809  4.017  2.832  1.893  3.859
egg__other                  r=1.398   4.793  4.374  4.203  4.073  3.022  3.278  2.466  4.532  4.810  5.057  4.227  4.544  4.157  4.541  3.805  4.527  4.431  4.574  3.462  3.726  0.000  4.470  3.426  2.441  3.594  4.061  1.915
tail__Appendicularia        r=1.212   3.738  3.902  3.624  3.894  3.635  4.174  4.663  3.145  4.092  4.334  3.365  4.655  4.259  2.339  3.247  0.424  3.726  3.913  4.705  3.018  4.470  0.000  4.638  4.583  4.046  3.474  4.421
nauplii__Cirripedia         r=1.138   4.636  3.838  4.749  4.191  3.380  1.718  3.813  4.849  4.735  4.853  4.652  4.370  3.669  4.834  4.021  4.630  3.868  3.956  3.870  3.809  3.426  4.638  0.000  2.994  1.969  4.388  2.769
Foraminifera                r=1.230   4.312  4.098  4.225  4.119  2.552  2.543  3.390  4.707  4.931  4.964  4.559  4.743  4.340  4.542  3.800  4.594  4.160  4.496  2.324  4.017  2.441  4.583  2.994  0.000  3.706  4.332  1.317
nauplii__Crustacea          r=1.343   4.345  3.330  3.982  3.421  3.546  2.665  3.895  4.209  3.937  4.244  3.945  3.915  3.150  4.217  3.219  4.026  3.277  3.577  4.381  2.832  3.594  4.046  1.969  3.706  0.000  3.757  3.266
gonophore__Diphyidae        r=1.285   4.341  4.020  2.522  3.560  3.833  3.923  3.349  3.549  3.944  3.539  0.709  4.091  3.967  3.786  2.969  3.514  3.883  3.381  3.981  1.893  4.061  3.474  4.388  4.332  3.757  0.000  4.308
Limacinidae                 r=1.333   4.405  3.746  4.278  3.974  2.271  2.675  3.297  4.745  4.721  5.011  4.462  4.367  3.845  4.542  3.726  4.427  3.875  4.585  3.114  3.859  1.915  4.421  2.769  1.317  3.266  4.308  0.000
