zoea__Decapoda              r=1.366   0.000  3.433  3.394  2.332  3.287  3.470  4.752  3.405  3.331  4.214  4.435  3.225  3.215  3.228  2.495  3.227  3.422  3.753  3.514  3.297  4.000  3.342  3.709  3.413  3.630  4.237  3.514
Oncaeidae                   r=1.112   3.433  0.000  3.998  3.101  3.626  3.413  4.519  4.067  3.689  4.243  4.254  3.599  2.279  3.888  3.205  3.792  0.540  3.412  4.673  3.315  4.253  3.826  3.401  3.988  2.809  4.013  3.693
Salpida                     r=1.615   3.394  3.998  0.000  2.677  3.786  3.887  3.492  2.318  3.174  2.823  2.083  3.437  3.657  2.912  1.751  3.049  3.783  3.356  3.630  1.841  3.700  3.152  4.234  3.918  3.320  1.951  3.885
multiple__Copepoda          r=1.628   2.332  3.101  2.677  0.000  3.965  3.768  4.157  2.788  2.020  3.369  3.710  2.338  2.653  2.993  1.152  3.240  2.870  3.019  3.958  2.533  3.977  3.376  3.816  4.026  2.933  3.486  4.029
Ostracoda                   r=1.380   3.287  3.626  3.786  3.965  0.000  2.331  3.911  4.300  4.120  4.181  4.180  3.815  3.242  4.242  3.647  3.515  3.737  3.980  3.321  3.666  2.970  3.514  2.555  2.613  3.225  3.940  1.937
Evadne                      r=1.667   3.470  3.413  3.887  3.768  2.331  0.000  3.276  4.057  4.225  4.079  4.162  3.947  3.082  4.133  3.507  3.851  3.426  2.898  2.757  3.378  2.763  3.847  1.410  2.212  2.661  3.799  2.123
Noctiluca                   r=1.391   4.752  4.519  3.492  4.157  3.911  3.276  0.000  3.658  4.455  4.026  3.407  4.380  4.246  3.999  3.623  4.094  4.365  3.411  3.459  3.272  2.446  4.068  3.796  3.513  3.769  3.009  3.503
Fritillariidae              r=1.347   3.405  4.067  2.318  2.788  4.300  4.057  3.658  0.000  3.561  3.628  3.022  4.113  4.085  1.065  1.951  2.183  3.805  3.512  4.143  1.915  3.563  2.218  4.275  4.062  3.345  2.895  4.080
Eucalanidae                 r=1.317   3.331  3.689  3.174  2.020  4.120  4.225  4.455  3.561  0.000  2.470  3.899  1.913  2.877  3.839  2.333  3.596  3.509  3.352  4.389  3.423  4.505  3.692  4.133  4.607  3.447  3.751  4.520
Haloptilus                  r=1.070   4.214  4.243  2.823  3.369  4.181  4.079  4.026  3.628  2.470  0.000  3.552  3.307  3.543  4.157  3.018  3.923  4.081  2.908  4.043  3.590  4.560  3.955  4.282  4.583  3.765  3.377  4.590
nectophore__Diphyidae       r=0.813   4.435  4.254  2.083  3.710  4.180  4.162  3.407  3.022  3.899  3.552  0.000  4.105  4.075  3.509  2.884  3.122  4.040  3.602  4.519  1.967  4.021  3.177  4.481  4.603  3.573  0.552  4.368
Euchaetidae                 r=1.351   3.225  3.599  3.437  2.338  3.815  3.947  4.380  4.113  1.913  3.307  4.105  0.000  2.169  4.342  2.809  4.222  3.553  3.588  4.235  3.682  4.387  4.306  3.796  4.429  3.457  3.916  4.294
Temoridae                   r=1.497   3.215  2.279  3.657  2.653  3.242  3.082  4.246  4.085  2.877  3.543  4.075  2.169  0.000  4.212  2.924  3.933  2.355  2.860  4.332  3.310  4.085  3.976  2.960  4.082  2.516  3.807  3.714
Oikopleuridae               r=1.212   3.228  3.888  2.912  2.993  4.242  4.133  3.999  1.065  3.839  4.157  3.509  4.342  4.212  0.000  2.323  1.944  3.650  3.893  4.372  2.288  3.662  1.966  4.281  4.031  3.440  3.403  4.002
multiple__other             r=1.945   2.495  3.205  1.751  1.152  3.647  3.507  3.623  1.951  2.333  3.018  2.884  2.809  2.924  2.323  0.000  2.561  2.944  2.862  3.648  1.618  3.472  2.698  3.680  3.660  2.661  2.664  3.620
tail__Chaetognatha          r=1.147   3.227  3.792  3.049  3.240  3.515  3.851  4.094  2.183  3.596  3.923  3.122  4.222  3.933  1.944  2.561  0.000  3.613  3.791  4.470  2.344  3.589  0.261  4.010  4.066  3.347  3.097  3.730
Harpacticoida               r=1.218   3.422  0.540  3.783  2.870  3.737  3.426  4.365  3.805  3.509  4.081  4.040  3.553  2.355  3.650  2.944  3.613  0.000  3.219  4.632  3.046  4.188  3.655  3.422  3.997  2.623  3.796  3.742
Penilia                     r=1.431   3.753  3.412  3.356  3.019  3.980  2.898  3.411  3.512  3.352  2.908  3.602  3.588  2.860  3.893  2.862  3.791  3.219  0.000  3.844  2.992  3.980  3.802  3.421  4.077  2.993  3.241  4.090
Phaeodaria                  r=1.241   3.514  4.673  3.630  3.958  3.321  2.757  3.459  4.143  4.389  4.043  4.519  4.235  4.332  4.372  3.648  4.470  4.632  3.844  0.000  3.978  3.098  4.522  3.492  2.109  4.140  4.201  2.929
eudoxie__Diphyidae          r=1.687   3.297  3.315  1.841  2.533  3.666  3.378  3.272  1.915  3.423  3.590  1.967  3.682  3.310  2.288  1.618  2.344  3.046  2.992  3.978  0.000  3.200  2.438  3.596  3.691  2.401  1.729  3.491
egg__other                  r=1.622   4.000  4.253  3.700  3.977  2.970  2.763  2.446  3.563  4.505  4.560  4.021  4.387  4.085  3.662  3.472  3.589  4.188  3.980  3.098  3.200  0.000  3.568  3.012  2.219  3.237  3.704  1.962
tail__Appendicularia        r=1.124   3.342  3.826  3.152  3.376  3.514  3.847  4.068  2.218  3.692  3.955  3.177  4.306  3.976  1.966  2.698  0.261  3.655  3.802  4.522  2.438  3.568  0.000  4.011  4.089  3.389  3.148  3.735
nauplii__Cirripedia         r=1.526   3.709  3.401  4.234  3.816  2.555  1.410  3.796  4.275  4.133  4.282  4.481  3.796  2.960  4.281  3.680  4.010  3.422  3.421  3.492  3.596  3.012  4.011  0.000  2.717  2.120  4.170  2.352
Foraminifera                r=1.400   3.413  3.988  3.918  4.026  2.613  2.212  3.513  4.062  4.607  4.583  4.603  4.429  4.082  4.031  3.660  4.066  3.997  4.077  2.109  3.691  2.219  4.089  2.717  0.000  3.481  4.274  1.283
nauplii__Crustacea          r=1.736   3.630  2.809  3.320  2.933  3.225  2.661  3.769  3.345  3.447  3.765  3.573  3.457  2.516  3.440  2.661  3.347  2.623  2.993  4.140  2.401  3.237  3.389  2.120  3.481  0.000  3.311  3.039
gonophore__Diphyidae        r=1.268   4.237  4.013  1.951  3.486  3.940  3.799  3.009  2.895  3.751  3.377  0.552  3.916  3.807  3.403  2.664  3.097  3.796  3.241  4.201  1.729  3.704  3.148  4.170  4.274  3.311  0.000  4.063
Limacinidae                 r=1.360   3.514  3.693  3.885  4.029  1.937  2.123  3.503  4.080  4.520  4.590  4.368  4.294  3.714  4.002  3.620  3.730  3.742  4.090  2.929  3.491  1.962  3.735  2.352  1.283  3.039  4.063  0.000
