Temoridae                   r=0.830   0.000  1.109  0.886  1.528  0.762  0.886  0.783  0.817  0.855  0.795  1.554  0.889  0.403  0.458  1.637  1.517  1.423  1.447  0.842  1.060  0.464  1.466  0.790  0.370  0.768  0.583  0.492
Phaeodaria                  r=0.608   1.109  0.000  1.806  1.361  1.832  0.435  0.613  0.356  1.882  0.444  1.267  1.934  1.097  1.224  1.091  0.418  0.543  0.504  1.266  2.067  1.383  1.698  1.806  0.865  1.691  0.920  1.110
Haloptilus                  r=0.680   0.886  1.806  0.000  2.292  0.791  1.457  1.289  1.595  0.376  1.400  2.331  0.379  0.720  0.602  2.418  2.194  2.208  2.217  1.589  0.367  0.462  2.121  0.267  0.978  0.133  1.430  0.748
Limacinidae                 r=0.838   1.528  1.361  2.292  0.000  1.912  1.541  1.612  1.162  2.216  1.503  0.197  2.268  1.751  1.864  0.546  1.506  1.050  1.151  0.826  2.431  1.910  0.661  2.178  1.575  2.174  0.989  1.815
zoea__Decapoda              r=0.640   0.762  1.832  0.791  1.912  0.000  1.604  1.483  1.529  0.507  1.523  1.994  0.524  0.948  0.904  2.168  2.228  2.087  2.124  1.123  0.690  0.719  1.620  0.541  1.081  0.735  1.129  1.039
gonophore__Diphyidae        r=0.629   0.886  0.435  1.457  1.541  1.604  0.000  0.187  0.467  1.586  0.113  1.479  1.634  0.758  0.873  1.373  0.780  0.938  0.916  1.260  1.751  1.055  1.765  1.491  0.557  1.349  0.901  0.738
nectophore__Diphyidae       r=0.630   0.783  0.613  1.289  1.612  1.483  0.187  0.000  0.570  1.437  0.189  1.566  1.482  0.602  0.709  1.493  0.965  1.101  1.085  1.251  1.593  0.898  1.781  1.334  0.429  1.183  0.899  0.566
nauplii__Crustacea          r=0.846   0.817  0.356  1.595  1.162  1.529  0.467  0.570  0.000  1.630  0.406  1.104  1.680  0.894  1.024  1.025  0.743  0.631  0.646  0.933  1.830  1.156  1.427  1.561  0.647  1.474  0.569  0.929
multiple__Copepoda          r=0.706   0.855  1.882  0.376  2.216  0.507  1.586  1.437  1.630  0.000  1.515  2.272  0.123  0.847  0.754  2.396  2.279  2.230  2.250  1.471  0.241  0.559  1.986  0.155  1.068  0.367  1.369  0.919
Penilia                     r=0.740   0.795  0.444  1.400  1.503  1.523  0.113  0.189  0.406  1.515  0.000  1.448  1.562  0.690  0.810  1.357  0.823  0.934  0.917  1.187  1.685  0.986  1.709  1.423  0.473  1.289  0.816  0.681
Foraminifera                r=0.931   1.554  1.267  2.331  0.197  1.994  1.479  1.566  1.104  2.272  1.448  0.000  2.325  1.756  1.875  0.384  1.379  0.925  1.023  0.923  2.487  1.937  0.774  2.229  1.566  2.212  1.018  1.816
Euchaetidae                 r=0.471   0.889  1.934  0.379  2.268  0.524  1.634  1.482  1.680  0.123  1.562  2.325  0.000  0.887  0.787  2.452  2.334  2.286  2.305  1.513  0.205  0.593  2.030  0.180  1.105  0.395  1.412  0.947
tail__Appendicularia        r=1.017   0.403  1.097  0.720  1.751  0.948  0.758  0.602  0.894  0.847  0.690  1.756  0.887  0.000  0.138  1.786  1.491  1.513  1.517  1.149  1.002  0.303  1.731  0.743  0.275  0.609  0.867  0.156
Oikopleuridae               r=0.859   0.458  1.224  0.602  1.864  0.904  0.873  0.709  1.024  0.754  0.810  1.875  0.787  0.138  0.000  1.915  1.616  1.646  1.650  1.233  0.894  0.206  1.815  0.640  0.389  0.497  0.969  0.173
egg__other                  r=0.892   1.637  1.091  2.418  0.546  2.168  1.373  1.493  1.025  2.396  1.357  0.384  2.452  1.786  1.915  0.000  1.111  0.667  0.755  1.155  2.607  2.007  1.127  2.345  1.577  2.297  1.130  1.837
Noctiluca                   r=0.209   1.517  0.418  2.194  1.506  2.228  0.780  0.965  0.743  2.279  0.823  1.379  2.334  1.491  1.616  1.111  0.000  0.515  0.425  1.588  2.461  1.780  1.932  2.203  1.268  2.081  1.283  1.498
Evadne                      r=0.476   1.423  0.543  2.208  1.050  2.087  0.938  1.101  0.631  2.230  0.934  0.925  2.286  1.513  1.646  0.667  0.515  0.000  0.110  1.255  2.435  1.775  1.533  2.170  1.274  2.087  1.022  1.547
nauplii__Cirripedia         r=0.454   1.447  0.504  2.217  1.151  2.124  0.916  1.085  0.646  2.250  0.917  1.023  2.305  1.517  1.650  0.755  0.425  0.110  0.000  1.332  2.450  1.786  1.622  2.187  1.279  2.097  1.080  1.548
Oncaeidae                   r=0.903   0.842  1.266  1.589  0.826  1.123  1.260  1.251  0.933  1.471  1.187  0.923  1.513  1.149  1.233  1.155  1.588  1.255  1.332  0.000  1.690  1.226  0.718  1.439  1.026  1.475  0.416  1.228
Eucalanidae                 r=0.409   1.060  2.067  0.367  2.431  0.690  1.751  1.593  1.830  0.241  1.685  2.487  0.205  1.002  0.894  2.607  2.461  2.435  2.450  1.690  0.000  0.712  2.192  0.291  1.242  0.435  1.587  1.055
tail__Chaetognatha          r=0.871   0.464  1.383  0.462  1.910  0.719  1.055  0.898  1.156  0.559  0.986  1.937  0.593  0.303  0.206  2.007  1.780  1.775  1.786  1.226  0.712  0.000  1.803  0.449  0.541  0.350  1.011  0.371
Ostracoda                   r=1.243   1.466  1.698  2.121  0.661  1.620  1.765  1.781  1.427  1.986  1.709  0.774  2.030  1.731  1.815  1.127  1.932  1.533  1.622  0.718  2.192  1.803  0.000  1.964  1.619  2.017  1.050  1.808
multiple__other             r=0.755   0.790  1.806  0.267  2.178  0.541  1.491  1.334  1.561  0.155  1.423  2.229  0.180  0.743  0.640  2.345  2.203  2.170  2.187  1.439  0.291  0.449  1.964  0.000  0.973  0.245  1.320  0.801
eudoxie__Diphyidae          r=0.768   0.370  0.865  0.978  1.575  1.081  0.557  0.429  0.647  1.068  0.473  1.566  1.105  0.275  0.389  1.577  1.268  1.274  1.279  1.026  1.242  0.541  1.619  0.973  0.000  0.863  0.686  0.297
Salpida                     r=0.848   0.768  1.691  0.133  2.174  0.735  1.349  1.183  1.474  0.367  1.289  2.212  0.395  0.609  0.497  2.297  2.081  2.087  2.097  1.475  0.435  0.350  2.017  0.245  0.863  0.000  1.309  0.648
Harpacticoida               r=0.789   0.583  0.920  1.430  0.989  1.129  0.901  0.899  0.569  1.369  0.816  1.018  1.412  0.867  0.969  1.130  1.283  1.022  1.080  0.416  1.587  1.011  1.050  1.320  0.686  1.309  0.000  0.936
Fritillariidae              r=0.724   0.492  1.110  0.748  1.815  1.039  0.738  0.566  0.929  0.919  0.681  1.816  0.947  0.156  0.173  1.837  1.498  1.547  1.548  1.228  1.055  0.371  1.808  0.801  0.297  0.648  0.936  0.000
