Temoridae                   r=0.382   0.000  0.923  0.695  0.973  0.120  0.936  1.177  0.460  0.307  0.708  0.879  0.638  0.998  1.027  1.490  0.929  0.571  0.555  0.117  0.653  0.926  0.651  0.405  0.536  0.977  0.070  1.017
Phaeodaria                  r=0.753   0.923  0.000  1.384  1.118  0.967  1.571  1.735  0.906  1.005  1.316  0.885  1.014  1.611  1.644  1.486  1.322  0.615  0.823  0.863  1.167  1.566  0.723  1.113  1.262  1.398  0.927  1.637
Haloptilus                  r=0.496   0.695  1.384  0.000  0.807  0.589  0.291  0.636  0.612  0.629  0.326  0.866  1.114  0.415  0.435  1.266  0.580  0.909  0.751  0.799  0.912  0.310  0.812  0.414  0.200  0.812  0.658  0.411
Limacinidae                 r=0.492   0.973  1.118  0.807  0.000  0.930  0.847  1.020  0.606  0.980  0.702  0.247  1.374  0.883  0.912  0.664  0.530  0.675  0.579  1.022  1.256  0.870  0.442  0.861  0.791  1.028  0.929  0.902
zoea__Decapoda              r=0.528   0.120  0.967  0.589  0.930  0.000  0.837  1.078  0.438  0.250  0.630  0.849  0.660  0.908  0.936  1.444  0.863  0.596  0.553  0.226  0.625  0.830  0.639  0.304  0.440  0.908  0.117  0.924
gonophore__Diphyidae        r=0.477   0.936  1.571  0.291  0.847  0.837  0.000  0.523  0.809  0.873  0.447  0.948  1.346  0.235  0.238  1.259  0.617  1.100  0.941  1.029  1.130  0.163  0.958  0.649  0.436  0.881  0.896  0.194
nectophore__Diphyidae       r=0.633   1.177  1.735  0.636  1.020  1.078  0.523  0.000  1.123  0.999  0.890  1.114  1.379  0.737  0.732  1.319  0.987  1.345  1.225  1.272  1.095  0.676  1.150  0.797  0.800  0.666  1.160  0.686
nauplii__Crustacea          r=0.571   0.460  0.906  0.612  0.606  0.438  0.809  1.123  0.000  0.597  0.456  0.552  1.011  0.822  0.857  1.143  0.544  0.337  0.168  0.506  0.964  0.776  0.386  0.548  0.464  1.033  0.401  0.856
multiple__Copepoda          r=0.772   0.307  1.005  0.629  0.980  0.250  0.873  0.999  0.597  0.000  0.759  0.897  0.504  0.989  1.014  1.462  0.971  0.711  0.691  0.383  0.399  0.901  0.698  0.231  0.544  0.734  0.338  0.994
Penilia                     r=0.413   0.708  1.316  0.326  0.702  0.630  0.447  0.890  0.456  0.759  0.000  0.772  1.250  0.408  0.441  1.184  0.351  0.782  0.590  0.792  1.110  0.366  0.728  0.591  0.262  1.026  0.649  0.448
Foraminifera                r=0.740   0.879  0.885  0.866  0.247  0.849  0.948  1.114  0.552  0.897  0.772  0.000  1.240  0.990  1.021  0.779  0.651  0.519  0.498  0.907  1.166  0.967  0.268  0.820  0.818  1.015  0.841  1.010
Euchaetidae                 r=0.595   0.638  1.014  1.114  1.374  0.660  1.346  1.379  1.011  0.504  1.250  1.240  0.000  1.471  1.494  1.806  1.438  0.989  1.057  0.628  0.332  1.383  1.019  0.709  1.038  0.984  0.701  1.472
tail__Appendicularia        r=0.274   0.998  1.611  0.415  0.883  0.908  0.235  0.737  0.822  0.989  0.408  0.990  1.471  0.000  0.038  1.290  0.560  1.126  0.955  1.082  1.286  0.114  1.007  0.780  0.498  1.059  0.949  0.066
Oikopleuridae               r=0.235   1.027  1.644  0.435  0.912  0.936  0.238  0.732  0.857  1.014  0.441  1.021  1.494  0.038  0.000  1.309  0.590  1.161  0.991  1.111  1.306  0.127  1.041  0.804  0.524  1.071  0.978  0.050
egg__other                  r=0.987   1.490  1.486  1.266  0.664  1.444  1.259  1.319  1.143  1.462  1.184  0.779  1.806  1.290  1.309  0.000  0.912  1.178  1.106  1.537  1.672  1.289  0.960  1.350  1.287  1.344  1.453  1.301
Noctiluca                   r=0.631   0.929  1.322  0.580  0.530  0.863  0.617  0.987  0.544  0.971  0.351  0.651  1.438  0.560  0.590  0.912  0.000  0.796  0.606  0.997  1.301  0.560  0.695  0.814  0.568  1.130  0.869  0.600
Evadne                      r=0.494   0.571  0.615  0.909  0.675  0.596  1.100  1.345  0.337  0.711  0.782  0.519  0.989  1.126  1.161  1.178  0.796  0.000  0.222  0.562  1.018  1.083  0.308  0.740  0.772  1.148  0.538  1.157
nauplii__Cirripedia         r=0.471   0.555  0.823  0.751  0.579  0.553  0.941  1.225  0.168  0.691  0.590  0.498  1.057  0.955  0.991  1.106  0.606  0.222  0.000  0.583  1.031  0.913  0.336  0.667  0.617  1.105  0.506  0.989
Oncaeidae                   r=0.353   0.117  0.863  0.799  1.022  0.226  1.029  1.272  0.506  0.383  0.792  0.907  0.628  1.082  1.111  1.537  0.997  0.562  0.583  0.000  0.696  1.015  0.668  0.504  0.636  1.045  0.151  1.103
Eucalanidae                 r=0.649   0.653  1.167  0.912  1.256  0.625  1.130  1.095  0.964  0.399  1.110  1.166  0.332  1.286  1.306  1.672  1.301  1.018  1.031  0.696  0.000  1.190  0.985  0.533  0.885  0.740  0.703  1.278
tail__Chaetognatha          r=0.318   0.926  1.566  0.310  0.870  0.830  0.163  0.676  0.776  0.901  0.366  0.967  1.383  0.114  0.127  1.289  0.560  1.083  0.913  1.015  1.190  0.000  0.968  0.688  0.412  0.986  0.879  0.109
Ostracoda                   r=0.815   0.651  0.723  0.812  0.442  0.639  0.958  1.150  0.386  0.698  0.728  0.268  1.019  1.007  1.041  0.960  0.695  0.308  0.336  0.668  0.985  0.968  0.000  0.671  0.722  0.971  0.619  1.030
multiple__other             r=0.748   0.405  1.113  0.414  0.861  0.304  0.649  0.797  0.548  0.231  0.591  0.820  0.709  0.780  0.804  1.350  0.814  0.740  0.667  0.504  0.533  0.688  0.671  0.000  0.365  0.660  0.403  0.779
eudoxie__Diphyidae          r=0.494   0.536  1.262  0.200  0.791  0.440  0.436  0.800  0.464  0.544  0.262  0.818  1.038  0.498  0.524  1.287  0.568  0.772  0.617  0.636  0.885  0.412  0.722  0.365  0.000  0.875  0.491  0.512
Salpida                     r=1.255   0.977  1.398  0.812  1.028  0.908  0.881  0.666  1.033  0.734  1.026  1.015  0.984  1.059  1.071  1.344  1.130  1.148  1.105  1.045  0.740  0.986  0.971  0.660  0.875  0.000  0.983  1.035
Harpacticoida               r=0.439   0.070  0.927  0.658  0.929  0.117  0.896  1.160  0.401  0.338  0.649  0.841  0.701  0.949  0.978  1.453  0.869  0.538  0.506  0.151  0.703  0.879  0.619  0.403  0.491  0.983  0.000  0.970
Fritillariidae              r=0.278   1.017  1.637  0.411  0.902  0.924  0.194  0.686  0.856  0.994  0.448  1.010  1.472  0.066  0.050  1.301  0.600  1.157  0.989  1.103  1.278  0.109  1.030  0.779  0.512  1.035  0.970  0.000
